0.19941887
0.1992668
0.1968545
0.17986718
0.19375575
0.1915518
0.19311519
0.18676376
0.17524213
0.17754564
0.17948425
0.18982571
0.16517045
0.19595811
0.20410171
0.1933915
0.17143068
0.18598369
0.18127441
0.18408683
0.18564951
0.19897752
0.16674086
0.1595798
0.16590935
0.18751469
0.19191799
0.198172
0.1877383
0.16619457
0.1567024
0.14990547
0.19739199
0.18173206
0.17426074
0.16503152
0.17964482
0.18128401
0.17031375
0.17325738
0.1767433
0.17348827
0.17046446
0.14842714
0.16789883
0.19733526
0.16436039
0.13957381
0.14115578
0.15583658
0.18424334
0.20613183
0.19904792
0.18842968
0.17740256
0.17981863
0.15737376
0.19246441
0.18493585
0.16632819
0.15313998
0.18707325
0.17164291
0.16580695
0.1844679
0.18650913
0.16735134
0.17547747
0.14853984
0.17918873
0.16489732
0.18096155
0.16691859
0.16452059
0.16961709
0.1778762
0.18083271
0.1602962
0.17538771
0.18409935
0.19130059
0.16155992
0.18036196
0.13455017
0.15153068
0.17088695
0.19421121
0.15572172
0.18077432
0.16097231
0.1681296
0.15473218
0.17517836
0.17146838
0.13787125
0.16503337
0.16044226
0.14692265
0.14050415
0.16540991
0.18312752
0.1566658
0.17540637
0.14572859
0.1751
0.14806154
0.17655599
0.18862396
0.15810499
0.15618077
0.1498699
0.1414105
0.15212137
0.1388871
0.16900387
0.15259625
0.17341726
0.14022502
0.13744494
0.1495299
0.1749408
0.1428052
0.15729222
0.13762489
0.14176214
0.1472893
0.13353264
0.16689467
0.1403559
0.14186889
0.148844
0.17325489
0.17187533
0.16098274
0.17390426
0.1525031
0.14894474
0.18352596
0.15355834
0.18725121
0.18322176
0.12853682
0.17592584
0.18888882
0.15115772
0.15992844
0.16940041
0.18196821
0.1370888
0.1674076
0.14785793
0.15376718
0.16184533
0.14090675
0.14224032
0.16435073
0.15387002
0.15597346
0.17961547
0.14057302
0.16287613
0.14133734
0.15782236
0.18050328
0.15684739
0.1680658
0.17412776
0.17370975
0.13984644
0.14566998
0.13501707
0.1844199
0.16834983
0.15021624
0.13912092
0.15774153
0.14893782
0.16132385
0.13613006
0.14574927
0.16704202
0.16081628
0.1725509
0.15796265
0.18990204
0.1327399
0.13254875
0.14577055
0.13401417
0.15479644
0.1886628
0.17002946
0.16362831
0.14782618
0.13529226
0.16895497
0.15695329
0.1274434
0.13908786
0.17205618
0.16530794
0.18539199
0.1651141
0.130415
0.1307851
0.16613278
0.1701574
0.14803383
0.14221497
0.1571213
0.1679887
0.14051497
0.15900323
0.1446114
0.13497129
0.16738608
0.16187747
0.17425635
0.1734817
0.16258895
0.18887031
0.15774369
0.13709433
0.16976249
0.15996006
0.19137298
0.16249461
0.1720951
0.17998184
0.16442306
0.16747697
0.166796
0.16854262
0.13553968
0.18418324
0.14282203
0.17578569
0.12894969
0.14714587
0.15718469
0.13107696
0.17271185
0.1580734
0.16069876
0.16606946
0.16634354
0.1613539
0.17222077
0.1264704
0.16866443
0.17400622
0.14254713
0.19992737
0.16284052
0.14174096
0.13575791
0.13493161
0.16693899
0.1489665
0.15528837
0.14096516
0.150644
0.1641681
0.17450419
0.19460648
0.17906073
0.15331137
0.16236296
0.16677916
0.1389105
0.16589278
0.14887023
0.16674224
0.1521834
0.18615542
0.1451368
0.17076173
0.16436085
0.15813524
0.15321499
0.13406134
0.15286635
0.13332886
0.19101557
0.12607874
0.12750055
0.15152305
0.14988369
0.16441043
0.17901261
0.12882769
0.13159749
0.14313254
0.15497902
0.135579
0.15810904
0.16159007
0.15493758
0.1356343
0.124136545
0.1351342
0.13881007
0.13382778
0.15953328
0.13333283
0.17064948
0.13936305
0.1390914
0.14663029
0.15462893
0.16321288
0.16626331
0.15570131
0.15411502
0.15603523
0.13960892
0.17150636
0.18566728
0.173859
0.14042109
0.14479281
0.1546968
0.16382737
0.17552847
0.14987428
0.12547725
0.15240087
0.17334566
0.15474473
0.12515023
0.17857859
0.16470292
0.13669527
0.16069864
0.15166827
0.13953193
0.14051732
0.11713785
0.14033183
0.1259299
0.13777629
0.1389797
0.17927709
0.1908633
0.16092938
0.13537213
0.17563674
0.16366759
0.15035473
0.14656746
0.1666784
0.1683869
0.14800751
0.13901445
0.1598518
0.17721662
0.1599015
0.12957974
0.15879622
0.14444605
0.15998168
0.115849026
0.17323634
0.16593416
0.15646936
0.18535168
0.13530989
0.13537523
0.14347725
0.13514513
0.12756667
0.13274297
0.10650467
0.14397474
0.21925329
0.14994356
0.18244755
0.17824401
0.15335216
0.13667929
0.16320276
0.17849776
0.1379706
0.1671715
0.14822426
0.15955049
0.1550605
0.14776254
0.15637946
0.16977526
0.1778427
0.17264251
0.15224731
0.1337814
0.15640911
0.16886288
0.14538306
0.121566154
0.1476649
0.16986987
0.14365776
0.14597674
0.15907781
0.16034366
0.17755342
0.13194989
0.17998327
0.16089499
0.13873093
0.1289254
0.15877238
0.1457853
0.15680955
0.13416556
0.15184566
0.15743428
0.14059728
0.14291899
0.10724636
0.15374959
0.1534675
0.1489633
0.15004271
0.177836
0.14445364
0.146636
0.16101773
0.16841647
0.17371291
0.15612003
0.1575461
0.12952188
0.13769044
0.14727923
0.15628394
0.13447134
0.1356752
0.15445122
0.15822
0.13786355
0.1605691
0.158582
0.12392998
0.19982849
0.14813842
0.08908625
0.11810212
0.15934698
0.14766127
0.13610524
0.15388677
0.14825428
0.13000268
0.16928685
0.15062298
0.12909877
0.15817079
0.16442207
0.15130952
0.16609693
0.1266891
0.16076002
0.110966265
0.13022178
0.16636649
0.16523418
0.12713958
0.146339
0.144288
0.1922118
0.171175
0.15522121
0.17675743
0.15397304
0.16688119
0.1367697
0.14195463
0.13839978
0.14428005
0.15335606
0.12390056
0.1613464
0.14280993
0.17511973
0.13503884
0.1453853
0.15637091
0.15198907
0.11570281
0.1120491
0.15318598
0.1463123
0.1353042
0.1525407
0.14954883
0.18279994
0.1395295
0.14904685
0.13004662
0.13212314
0.140413
0.1460833
0.18271671
0.13847277
0.14688924
0.18920523
0.14008778
0.1726416
0.13670538
0.1676691
0.13184606
0.11993945
0.15405843
0.10349165
0.16510494
0.119043484
0.13171434
0.1551396
0.15230827
0.16881502
0.1426788
0.1506424
0.11172131
0.11668132
0.119312696
0.12795532
0.15231287
0.13223475
0.1645978
0.10911085
0.100635976
0.16617876
0.15533632
0.13552985
0.16213912
0.14554018
0.13295954
0.14348532
0.15438035
0.15128422
0.16558692
0.1535961
0.1354164
0.162208
0.16360065
0.12576008
0.1608858
0.14268637
0.14054166
0.15346408
0.16518104
0.16228907
0.18095382
0.15086816
0.11857569
0.1409626
0.15039283
0.14331543
0.16861355
0.15386964
0.13590474
0.14274092
0.1676394
0.15617862
0.177683
0.14739883
0.14899111
0.15130791
0.18105927
0.13833708
0.17492458
0.16849622
0.14155729
0.120282724
0.14566797
0.13264705
0.13156451
0.13302086
0.14124548
0.14758505
0.116692916
0.14913785
0.16462752
0.14311054
0.14586625
0.18099801
0.13217863
0.13010569
0.14296415
0.1572491
0.16726123
0.13086197
0.12689689
0.18709387
0.14458442
0.16027327
0.15473652
0.12179271
0.16390207
0.11956754
0.17245051
0.15313618
0.18095589
0.14397998
0.14694244
0.13306531
0.14110456
0.20745835
0.14718834
0.174386
0.15246078
0.18760836
0.13418582
0.10750097
0.14549509
0.13210279
0.13622788
0.17210272
0.13215572
0.15352465
0.14903441
0.13201207
0.15252662
0.15845433
0.14182058
0.15032195
0.13766314
0.15633759
0.14522664
0.13695386
0.15405843
0.11209624
0.13874397
0.15825726
0.17105345
0.13452706
0.14386089
0.12147658
0.14189067
0.13121004
0.14768545
0.111754
0.16059954
0.1433385
0.121591985
0.14021315
0.13016163
0.14954141
0.12512495
0.14640057
0.1157026
0.1588063
0.15562357
0.14633682
0.14504814
0.12234001
0.14445204
0.15032394
0.14863133
0.17776349
0.14721584
0.14086063
0.15449847
0.14449981
0.12138868
0.14846584
0.15805092
0.13447797
0.15899634
0.1509908
0.16074127
0.13926709
0.14469944
0.14564624
0.15026064
0.14052016
0.13346636
0.12834263
0.12781605
0.16366163
0.14581195
0.11923885
0.13319422
0.103257865
0.14771229
0.15089367
0.11518484
0.16411087
0.16609658
0.16320792
0.14269811
0.16224489
0.1729839
0.16242361
0.12841244
0.17008758
0.12839894
0.12611488
0.10543553
0.13245723
0.11536454
0.12158114
0.15601097
0.13795386
0.107359976
0.13655809
0.12944797
0.12849832
0.16154274
0.15590073
0.16583994
0.18241553
0.15516841
0.17610145
0.15643147
0.14287971
0.13926937
0.17408827
0.14163762
0.14607239
0.14310691
0.12334658
0.1732915
0.15583181
0.14581123
0.111263335
0.12922262
0.1730214
0.14106035
0.12280242
0.11871311
0.16226688
0.12582634
0.15025543
0.14499736
0.10595409
0.1462635
0.1540416
0.1147611
0.14212856
0.18406868
0.13864057
0.14659663
0.11676319
0.11560055
0.14157456
0.15330303
0.15341994
0.15276441
0.11975306
0.14070663
0.14003853
0.12993883
0.159023
0.16710508
0.16255313
0.12876084
0.10819757
0.13767919
0.11520977
0.14205527
0.13147
0.13632898
0.15083575
0.14787447
0.13015693
0.15673335
0.11909923
0.13946065
0.14902815
0.13218105
0.13484073
0.14056468
0.16506349
0.12846728
0.13938066
0.12843232
0.16812702
0.12160388
0.17747766
0.10730678
0.15350913
0.123266585
0.11819443
0.14750077
0.143688
0.1071756
0.11594122
0.123367384
0.13130273
0.1278753
0.13898183
0.120564796
0.103870526
0.13688666
0.12645262
0.11562446
0.15674484
0.1469136
0.13087346
0.17572112
0.1475491
0.14714459
0.16545863
0.15183997
0.16209152
0.13317761
0.13151303
0.12487484
0.16568233
0.12562172
0.1250328
0.11971094
0.13687485
0.14080259
0.13406576
0.13409412
0.17900676
0.13810156
0.14670566
0.10458032
0.16292427
0.11307146
0.15429462
0.1263794
0.114472605
0.17517312
0.10974756
0.13252409
0.14194655
0.10455954
0.11083414
0.16778997
0.1235473
0.13234289
0.14899153
0.1424413
0.11726038
0.13423318
0.1625956
0.12702292
0.12419235
0.13239561
0.12832475
0.17311841
0.11949362
0.1595863
0.10098923
0.14686492
0.11923204
0.12750173
0.13033769
0.14774472
0.14496261
0.13966216
0.12223128
0.15122613
0.1475741
0.12808672
0.11892393
0.16856013
0.12431149
0.17917758
0.17662805
0.109093025
0.1441029
0.16247925
0.1462614
0.12987639
0.14994949
0.16609403
0.18109934
0.1436966
0.13456032
0.14091837
0.194891
0.15384877
0.1463205
0.14721918
0.15607233
0.14157958
0.17262627
0.11920558
0.112176344
0.14892039
0.14929748
0.14198802
0.136476
0.116561696
0.1354886
0.12329506
0.14135507
0.1103311
0.11144528
0.17026955
0.14083347
0.16261536
0.1213764
0.15652697
0.14521542
0.1305767
0.12374773
0.11624629
0.13603112
0.1686637
0.12671751
0.14466105
0.15559222
0.13953498
0.1599796
0.1381411
0.14742619
0.19791193
0.14943653
0.13569975
0.16040856
0.15417707
0.13257101
0.11674763
0.12907316
0.119812965
0.14918348
0.1245935
0.13398567
0.19748417
0.15290289
0.11614812
0.122120276
0.12433184
0.11658794
0.097181976
0.13437517
0.10094009
0.16443706
0.11085005
0.16963723
0.120923296
0.10766361
0.12701051
0.14184831
0.16439977
0.119285405
0.13169885
0.11073757
0.14060774
0.13391633
0.14214855
0.1264241
0.12134474
0.17797115
0.14154652
0.14432886
0.14943075
0.14814587
0.11984546
0.1215892
0.1396989
0.16959774
0.1309091
0.13237524
0.17412972
0.14081734
0.14004038
0.14025383
0.12896205
0.1366721
0.14685531
0.18279915
0.13073902
0.14166102
0.16559175
0.12417832
0.15253209
0.13085034
0.13111222
0.1395963
0.116602
0.13609648
0.13790075
0.12983441
0.124098085
0.16066802
0.15385914
0.14062795
0.12580323
0.12148377
0.10672576
0.13851237
0.138727
0.119720444
0.109547645
0.15567511
0.1320433
0.14999172
0.15360737
0.17151423
0.16639914
0.13557878
0.14359117
0.12716654
0.14187756
0.116500735
0.1433216
0.16075946
0.10419545
0.14803083
0.13101202
0.13742886
0.15822402
0.13860741
0.13672546
0.14482442
0.12754306
0.13794097
0.10298458
0.15154803
0.110920936
0.15307164
0.13012324
0.13172965
0.15516049
0.12564059
0.11549586
0.13911736
0.1062617
0.13834658
0.116928294
0.14263502
0.14427349
0.14336415
0.12161479
0.1670137
0.09054381
0.123435974
0.13652723
0.12960559
0.14663115
0.13555413
0.11491601
0.10807277
0.16082728
0.1134668
0.10632977
0.131699
0.120248556
0.13946794
0.16616838
0.12426549
0.114068866
0.15980238
0.1293332
0.12384425
0.123013005
0.110588625
0.17717788
0.18940662
0.12589931
0.1558001
0.115701005
0.112329446
0.11053281
0.107540876
0.13031656
0.1381759
0.109580465
0.10758679
0.12932381
0.13645114
0.10414747
0.14541695
0.13616191
0.17216367
0.13295138
0.1300439
0.09392369
0.11225743
0.12969828
0.13006404
0.10518534
0.098277435
0.11272471
0.115755185
0.13192555
0.113472566
0.14050542
0.1410931
0.11621913
0.14097494
0.1080888
0.14861467
0.14496739
0.12482173
0.1466535
0.12046292
0.12427927
0.11385666
0.12838463
0.1734073
0.13433617
0.1580908
0.14195754
0.11743864
0.15279283
0.11526435
0.13410272
0.13619539
0.140205
0.15140924
0.11998983
0.10349432
0.12848784
0.12041896
0.12632339
0.14423656
0.116140306
0.12912945
0.15304533
0.14377715
0.14177492
0.12828521
0.12690464
0.12995155
0.13047436
0.12725537
0.12696657
0.12679024
0.123869486
0.12470406
0.14038897
0.10536729
0.09847459
0.09102519
0.16609281
0.11817996
0.0977792
0.14008619
0.089719586
0.14605765
0.13167644
0.10229703
0.12094377
0.11341974
0.10760781
0.118377484
0.10504332
0.1004315
0.1421793
0.12741214
0.1390223
0.13206545
0.11053772
0.10402736
0.13518259
0.11927846
0.15600422
0.16216919
0.15021977
0.1356086
0.15963255
0.1354011
0.11788257
0.12913847
0.14090575
0.15968077
0.13626273
0.1391652
0.16323793
0.105938435
0.11554517
0.13714126
0.12585968
0.11762467
0.13279726
0.1526868
0.13670555
0.12338471
0.13576967
0.11676662
0.14688429
0.12940049
0.14566493
0.13409856
0.11506188
0.13176477
0.12748492
0.11377191
0.116106085
0.12189753
0.13408765
0.09384543
0.12403638
0.1106203
0.1522102
0.1075836
0.121412925
0.12691846
0.07799645
0.12629548
0.12210959
0.08868587
0.10729489
0.12312834
0.13885613
0.09418723
0.12085018
0.14425352
0.07555001
0.1660204
0.12102175
0.12465856
0.12436034
0.11590955
0.14112934
0.13856669
0.13648501
0.11600341
0.12334168
0.1358814
0.12171868
0.1306641
0.09241502
0.13947487
0.12234119
0.14297323
0.10240801
0.11614273
0.12864852
0.14691757
0.11891714
0.15485027
0.10966666
0.128314
0.12199192
0.122255936
0.13218245
0.13331762
0.100623704
0.14345118
0.14251038
0.10667175
0.11544111
0.14170976
0.12757328
0.102490254
0.14980051
0.10354118
0.15184435
0.118463345
0.0957368
0.11743379
0.10988084
0.2116976
0.115179494
0.14091752
0.106215365
0.099087164
0.12955393
0.10825646
0.12843996
0.12633845
0.12881055
0.12257412
0.14157245
0.13831687
0.13584799
0.122025475
0.12794177
0.14660983
0.13726184
0.12246144
0.14314951
0.11177201
0.13006437
0.12064504
0.11508634
0.11420144
0.14559823
0.10935843
0.13435036
0.16383123
0.12837182
0.09772662
0.1438033
0.105781876
0.1018374
0.13741685
0.12182921
0.12214518
0.1357163
0.13140905
0.12538838
0.13560271
0.13145831
0.12002799
0.12569281
0.097188994
0.1375677
0.14560835
0.10198182
0.11392878
0.11589765
0.100349724
0.1184122
0.12254985
0.10077628
0.12962858
0.11744879
0.1147217
0.14269656
0.12799034
0.13660389
0.16357595
0.119111575
0.11661247
0.095543414
0.10435133
0.121142454
0.12297606
0.11460571
0.109851465
0.11764583
0.16032931
0.13783744
0.09559186
0.107124306
0.15970398
0.11413579
0.10351692
0.16210675
0.10025129
0.10679807
0.11764413
0.08699757
0.14659879
0.17429617
0.11547406
0.14015746
0.12677328
0.13499457
0.13330211
0.123621896
0.14541039
0.14786531
0.13709714
0.11163932
0.10679056
0.10950118
0.1389039
0.08214924
0.12639546
0.16742164
0.1246845
0.14135799
0.15269554
0.14150786
0.12662679
0.13542867
0.12480235
0.110062025
0.11359395
0.122823335
0.10554968
0.127166
0.12020395
0.14515391
0.11849493
0.12384004
0.11985101
0.1252237
0.14535362
0.1251103
0.12135978
0.15177685
0.112967685
0.12151707
0.10457389
0.14570098
0.16086641
0.10243254
0.12974685
0.14239568
0.13130116
0.092471264
0.118552834
0.12093432
0.121142104
0.11087224
0.1223584
0.1721591
0.12758058
0.115744196
0.11573613
0.095700175
0.11953775
0.104757056
0.112961486
0.13393274
0.12637264
0.08760222
0.18683407
0.15408757
0.12595493
0.13722074
0.124533504
0.15377355
0.10140294
0.17425318
0.14090377
0.120937385
0.13602638
0.11589125
0.13364854
0.12661955
0.11727187
0.13232377
0.13050082
0.12589552
0.1162816
0.14359038
0.14954275
0.1345394
0.11992473
0.114032805
0.13279584
0.14935525
0.14115699
0.111256376
0.123532295
0.12052431
0.13160247
0.12128657
0.16400218
0.12682024
0.13633707
0.105532564
0.12084808
0.15443873
0.12847531
0.16518387
0.13995863
0.13331257
0.15796866
0.13477714
0.14092149
0.14549924
0.13440245
0.12951899
0.13490039
0.11817332
0.115236774
0.13819715
0.13552912
0.11957154
0.11501925
0.14716901
0.11856654
0.11274915
0.08628792
0.1468456
0.10799338
0.1876359
0.13238814
0.11468519
0.16405627
0.103748985
0.111849606
0.1538707
0.12162397
0.10752885
0.15663277
0.14289363
0.104514
0.12199327
0.13074991
0.11124912
0.15560648
0.12282354
0.12521368
0.11396392
0.13502832
0.101804666
0.14465016
0.11875675
0.14653155
0.15648131
0.1640765
0.13552782
0.14160758
0.09017372
0.108237445
0.117653415
0.108921416
0.1392385
0.110351786
0.14147544
0.12458583
0.13195334
0.10826167
0.12487921
0.12120096
0.11580943
0.1479097
0.12404957
0.12710598
0.095276415
0.11399049
0.12081198
0.12897596
0.10996611
0.13298081
0.1232896
0.13603243
0.119931035
0.105843745
0.1303509
0.119703636
0.140103
0.13753977
0.12781408
0.09723831
0.15548037
0.12976624
0.125334
0.10171325
0.09392314
0.12906179
0.15520777
0.12291596
0.10205847
0.110781595
0.12107736
0.11073743
0.11544206
0.09536753
0.15049821
0.1033363
0.114574656
0.1422146
0.057432003
0.11751148
0.17871201
0.10513379
0.15170038
0.070027694
0.12243679
0.12484307
0.13609776
0.11636746
0.14680511
0.14063954
0.114936024
0.12604225
0.14399181
0.11946669
0.11721944
0.109107286
0.102141365
0.11882397
0.13408239
0.13325605
0.119374916
0.10335213
0.07775411
0.13377267
0.08876469
0.13544644
0.1699853
0.11717024
0.108832985
0.15113492
0.1395984
0.10686282
0.13723049
0.12082679
0.13762996
0.16687486
0.13120931
0.12054859
0.13207585
0.10271466
0.13878511
0.09977388
0.14358684
0.084315136
0.099406466
0.13315085
0.14082615
0.12837395
0.10397137
0.16145873
0.119041406
0.13027465
0.15860695
0.111631654
0.120335385
0.13168296
0.11042526
0.09534487
0.10064929
0.11838657
0.13571212
0.14846112
0.12480609
0.11794729
0.117158234
0.12356828
0.12419002
0.1643461
0.14337195
0.095696464
0.13619228
0.107575715
0.122839466
0.07710616
0.14658345
0.11093347
0.11101717
0.12584655
0.122236624
0.13159028
0.0949422
0.11801493
0.11644949
0.119847305
0.11996696
0.11554177
0.12448859
0.15945622
0.1261198
0.12069433
0.118473776
0.13087085
0.11391072
0.117575444
0.11462468
0.12991309
0.13342659
0.15742992
0.11215302
0.10903364
0.15071772
0.146641
0.11871868
0.13037391
0.14420721
0.13133897
0.13147146
0.118014365
0.10331916
0.09158705
0.1353309
0.11251144
0.12930183
0.14087805
0.11114454
0.124078766
0.13630238
0.14558701
0.10714884
0.095131114
0.13922842
0.14795595
0.16507304
0.11221418
0.1056308
0.11588563
0.13665392
0.122541614
0.12016326
0.14362714
0.12724923
0.11468547
0.11599282
0.1196112
0.1577223
0.12277325
0.10080677
0.140468
0.12594998
0.12141745
0.10138875
0.09841454
0.15698716
0.1286413
0.11376442
0.106979035
0.09975036
0.09049259
0.08479127
0.10621672
0.12936035
0.08931503
0.12825783
0.11178416
0.08215696
0.12179754
0.13080713
0.13486084
0.10031572
0.14657983
0.12367992
0.11699876
0.1254383
0.14774284
0.13073286
0.1289497
0.11257689
0.10468179
0.12505865
0.12040615
0.14639115
0.07412728
0.13987929
0.14935465
0.12096666
0.11773054
0.14095853
0.14066972
0.12389925
0.09834404
0.120045304
0.123553306
0.13605289
0.14337382
0.099933304
0.089340605
0.1433529
0.10465939
0.13694741
0.11250637
0.1370169
0.1573105
0.10093501
0.12008123
0.106872275
0.122593984
0.12272991
0.10909286
0.13994941
0.12428557
0.11364742
0.12313103
0.12840712
0.11814275
0.10884198
0.18139814
0.17012179
0.10450061
0.1098696
0.12423283
0.15073141
0.09177552
0.14923236
0.12775245
0.119903505
0.11182986
0.09470309
0.11545708
0.12862077
0.15004304
0.099212006
0.13606954
0.08572969
0.1306412
0.1164779
0.107274815
0.080365285
0.146974
0.14836732
0.1267437
0.12713562
0.12752707
0.119532764
0.127281
0.11340272
0.11607524
0.11985414
0.11985523
0.10594558
0.12804878
0.12834656
0.09821181
0.11258726
0.13729194
0.15151529
0.1087558
0.16320476
0.11494964
0.13391732
0.14596471
0.14325833
0.13267069
0.13974525
0.1309358
0.13240345
0.119626045
0.11659722
0.14566627
0.12274194
0.10585494
0.12816404
0.12193083
0.10823769
0.13370095
0.106662095
0.1309173
0.1101947
0.13252634
0.13014014
0.11751554
0.14148453
0.11016461
0.12818205
0.15150493
0.11967097
0.12530796
0.112072304
0.11081142
0.14957714
0.12956512
0.12877087
0.14097846
0.10802606
0.14102662
0.1267159
0.13470493
0.089048564
0.1361887
0.11986695
0.1383031
0.11738455
0.13796568
0.12942979
0.123142615
0.1361951
0.13586244
0.1351186
0.12653606
0.10947011
0.13896745
0.14218217
0.10267303
0.12751016
0.107700005
0.13762702
0.10650249
0.11364931
0.108834654
0.10883153
0.12610328
0.12620807
0.1272033
0.15225646
0.09161307
0.14009151
0.109539375
0.10585135
0.13472478
0.09752485
0.14105737
0.11321743
0.15320918
0.12885912
0.14345695
0.155656
0.13912226
0.10415858
0.10277666
0.12393929
0.1430149
0.11105031
0.09446634
0.087503895
0.13563654
0.09871832
0.13895226
0.109183446
0.11565697
0.16139832
0.1379697
0.12705688
0.13781545
0.12475367
0.116491765
0.089389995
0.12693752
0.13001429
0.125543
0.12623274
0.1116319
0.12722816
0.098244205
0.08024105
0.12995309
0.124841735
0.10149811
0.099404335
0.13758926
0.11610618
0.12641035
0.11630574
0.096957676
0.117726296
0.10867715
0.09720547
0.07887618
0.14026873
0.14074208
0.116520464
0.10956626
0.1001174
0.13704613
0.09905546
0.07575819
0.11468502
0.12752143
0.095106974
0.120133355
0.10286056
0.12852037
0.10391366
0.13187644
0.11952419
0.14734697
0.15719122
0.114604354
0.13497113
0.08797538
0.12420729
0.0945384
0.108659014
0.10978756
0.11813981
0.1282785
0.11787072
0.101778835
0.129455
0.15140143
0.14993772
0.12593094
0.1309068
0.0897156
0.12070807
0.14136338
0.13372126
0.1009099
0.09417227
0.10199195
0.08951798
0.12788701
0.1326406
0.0889926
0.12928742
0.12795457
0.093376756
0.11279419
0.101523474
0.12594539
0.11402441
0.12475063
0.12558419
0.08867474
0.13045417
0.14455476
0.13249022
0.14712659
0.10185671
0.11013833
0.14060155
0.13218398
0.14104176
0.11460538
0.08440319
0.12348427
0.12567827
0.16271897
0.08503362
0.14414757
0.14011005
0.08782576
0.11182016
0.11383684
0.13686983
0.14105377
0.11423148
0.13058373
0.09270006
0.15080772
0.094679564
0.10327904
0.12002067
0.10842952
0.12569703
0.11757534
0.115377694
0.12001666
0.14424317
0.16301239
0.12295
0.10492638
0.11435493
0.1085777
0.10773879
0.104239814
0.12072693
0.1065824
0.10930758
0.117564775
0.15470889
0.11272414
0.098128885
0.100903094
0.122016594
0.14442253
0.11296963
0.09126696
0.08707192
0.1587145
0.12444961
0.10228501
0.08911259
0.11136891
0.09268281
0.10473403
0.09846422
0.10393886
0.11855852
0.11263304
0.14741972
0.13458176
0.101436645
0.07302131
0.13462785
0.11051746
0.10656532
0.108206324
0.12757993
0.10754901
0.114523545
0.10934198
0.15462992
0.12537852
0.1204928
0.1523765
0.118818134
0.09647861
0.13563782
0.1095999
0.13748074
0.09881226
0.115918905
0.13894033
0.108777784
0.100609876
0.115262374
0.08641012
0.089409724
0.13210776
0.12503444
0.10725815
0.13711873
0.07524705
0.12613605
0.11837969
0.1164611
0.1313818
0.12868801
0.12891728
0.09968118
0.12171045
0.10166807
0.11308922
0.0885207
0.09847481
0.12666349
0.105194494
0.14273483
0.11352509
0.12750083
0.11347616
0.09115137
0.09429398
0.124639645
0.12874958
0.1258359
0.1331108
0.14064682
0.096139155
0.094077215
0.12507981
0.12320251
0.13117918
0.12048668
0.13887328
0.10968861
0.111815155
0.09595999
0.11384262
0.09187382
0.118718855
0.10531505
0.0975534
0.12924504
0.12219442
0.11061849
0.10638046
0.109544724
0.15959226
0.13581422
0.094409764
0.0766771
0.13605182
0.10232151
0.13224453
0.10911828
0.13076068
0.104773864
0.11333813
0.10102575
0.10619172
0.12791371
0.118598156
0.12689966
0.18076189
0.1688054
0.11539078
0.113114744
0.10722259
0.10471734
0.12007957
0.09926318
0.14864099
0.08945901
0.11181239
0.118928224
0.096888185
0.10344063
0.1319826
0.12208283
0.10097626
0.10442927
0.1592358
0.118477315
0.108233124
0.12209256
0.1183693
0.08554772
0.08460985
0.117587015
0.0999717
0.1543573
0.12725721
0.114238724
0.11216056
0.10582935
0.15025827
0.14269601
0.13740505
0.14769506
0.1259311
0.106743544
0.14668012
0.110568464
0.0978988
0.11199916
0.09305778
0.12895104
0.10147028
0.09251304
0.11921549
0.12577128
0.08763726
0.07677909
0.08483956
0.14562055
0.124873236
0.11617857
0.10718016
0.10737918
0.11988506
0.14846668
0.13621587
0.102192685
0.090076864
0.118015274
0.09664694
0.101012684
0.13704343
0.1286153
0.11820117
0.090184554
0.11514084
0.10019028
0.121776775
0.0896976
0.10964738
0.1087382
0.12030793
0.13413446
0.12413281
0.10149638
0.08784983
0.10796826
0.09171073
0.12378995
0.12109325
0.11487831
0.13642636
0.13437155
0.11182572
0.1272937
0.09711816
0.106335126
0.12660828
0.13422911
0.14978182
0.104551524
0.12829497
0.115990356
0.08744455
0.093887925
0.12952296
0.10959762
0.13772893
0.09572409
0.093315616
0.10926452
0.1337343
0.10714853
0.13559088
0.09117946
0.10969176
0.11608696
0.09471795
0.12370125
0.16010424
0.10469247
0.082063004
0.11032401
0.11480249
0.13396592
0.089597814
0.09560419
0.13095836
0.14087927
0.11382739
0.13296027
0.0981749
0.12984483
0.11127421
0.09597042
0.10039718
0.14329362
0.10747276
0.12778814
0.114713915
0.10106698
0.059379965
0.115593374
0.11198199
0.103186406
0.1289072
0.114951015
0.13823788
0.1349522
0.14274655
0.11840392
0.114970535
0.08225064
0.12910928
0.12614864
0.123886615
0.12104767
0.107820295
0.14059794
0.09814763
0.10751441
0.11227008
0.12976158
0.113469005
0.11819349
0.106505
0.12114166
0.09437608
0.11612358
0.10686168
0.10628106
0.12069093
0.12735415
0.1410636
0.10473773
0.09744819
0.117629044
0.09642557
0.09157508
0.12697072
0.1471341
0.09386435
0.09354469
0.118856445
0.111637615
0.110688224
0.10358156
0.10438298
0.09742745
0.0911735
0.13083127
0.11085686
0.105860084
0.12774837
0.11308534
0.13322704
0.14230438
0.098767094
0.102171004
0.12260102
0.110932246
0.08129257
0.11170508
0.11847946
0.11036079
0.13478595
0.14252244
0.14236808
0.13079885
0.1308052
0.13470632
0.119212404
0.10797334
0.13118814
0.11204388
0.10768678
0.14851423
0.13063778
0.11258025
0.11625764
0.1255193
0.13658032
0.120225295
0.126264
0.106098495
0.12005405
0.10000537
0.12423524
0.117921054
0.096374944
0.09645408
0.12272382
0.09286544
0.10478537
0.12903768
0.109967396
0.080039665
0.0836306
0.16619736
0.115152106
0.11737545
0.09948753
0.096604496
0.13152823
0.09024699
0.09340739
0.119070716
0.11175808
0.14744496
0.107789844
0.17006674
0.124964304
0.122812
0.108789936
0.13450712
0.09287977
0.118264206
0.11875445
0.114215314
0.10415433
0.12838584
0.14834315
0.11140749
0.103752136
0.12312969
0.11486934
0.101786494
0.109255806
0.09912621
0.13272235
0.11578939
0.075422056
0.12222552
0.1555286
0.10368301
0.08159407
0.11752868
0.119134195
0.10377984
0.110744014
0.123834305
0.08711722
0.12536412
0.07991673
0.090679854
0.13168775
0.12894326
0.09758779
0.120155565
0.15360087
0.12114371
0.11490439
0.114472635
0.14592786
0.10866551
0.11515108
0.13380235
0.12654297
0.12425451
0.10553483
0.16580048
0.124712855
0.1243129
0.09611912
0.14140703
0.11826482
0.09456992
0.1365602
0.10119535
0.09091304
0.0802494
0.09742693
0.10889869
0.14138928
0.08709139
0.09431575
0.13138112
0.098723635
0.10216479
0.11116236
0.08622984
0.13704532
0.08075207
0.087886676
0.09774245
0.13647945
0.121558376
0.12670508
0.10668156
0.121754766
0.14856695
0.16136566
0.110603526
0.12051515
0.10238296
0.14055388
0.1416355
0.1245682
0.1324143
0.10904385
0.10017126
0.0971009
0.10038161
0.11797096
0.10554911
0.08899613
0.10924117
0.13510552
0.09481928
0.07581805
0.15419295
0.08918386
0.12350188
0.08492397
0.09788189
0.07302667
0.09980349
0.120364815
0.09467383
0.122916974
0.10028092
0.08978094
0.1015638
0.12278287
0.13284104
0.13992922
0.14113393
0.116112515
0.0800359
0.09018943
0.08725828
0.13507062
0.09998028
0.1377649
0.12330921
0.09234969
0.12899476
0.09279342
0.09462567
0.10082877
0.11108043
0.13273326
0.11137308
0.07922118
0.07853043
0.09799785
0.08075905
0.09597638
0.095277414
0.09255077
0.11839465
0.124085516
0.12535533
0.0994303
0.107004285
0.12708211
0.09888421
0.07208218
0.11707978
0.12875502
0.12983055
0.09659033
0.120222986
0.12419635
0.12056741
0.11772248
0.13678244
0.10531219
0.11810422
0.10795532
0.087502554
0.109617345
0.09302479
0.10487826
0.11358599
0.09348924
0.11473447
0.123624206
0.101766005
0.0932423
0.07077928
0.09555952
0.12498259
0.090161055
0.118223205
0.10231656
0.111490116
0.1194571
0.0973776
0.13374078
0.11808774
0.12412227
0.11521244
0.110761374
0.08669527
0.10932059
0.14356405
0.14218764
0.10938352
0.1617187
0.11522982
0.11102213
0.09682736
0.10729388
0.105242886
0.11011567
0.07392976
0.13238397
0.085209966
0.13294145
0.10710237
0.092596576
0.117122576
0.13295054
0.08871917
0.14118533
0.09614083
0.113343164
0.109731145
0.14309889
0.08136898
0.10962724
0.13450056
0.09398182
0.11061717
0.11557642
0.100962356
0.12989095
0.08670074
0.12291785
0.10206477
0.11255805
0.09771983
0.10954522
0.10107143
0.10841889
0.13105533
0.09847708
0.12527764
0.10543418
0.11422881
0.13240267
0.12166822
0.10421572
0.10494509
0.12122463
0.11937241
0.116828986
0.10907041
0.08730806
0.08871983
0.11416587
0.1012041
0.080284104
0.10570115
0.097546116
0.086618975
0.10573191
0.09963535
0.122140616
0.11111674
0.09104836
0.117075175
0.100699656
0.10064709
0.11709948
0.14927933
0.13838336
0.109092996
0.1012785
0.0800101
0.12093434
0.11181234
0.06589811
0.15546228
0.12777665
0.09730539
0.11415469
0.10869087
0.15319727
0.13047516
0.11905625
0.114706576
0.09898101
0.106843576
0.074875385
0.08599989
0.12181354
0.12647836
0.08468383
0.15922454
0.10801434
0.076667994
0.11778106
0.09207572
0.14437522
0.12204002
0.10809499
0.15529215
0.121998504
0.07333858
0.12719747
0.117769346
0.076245785
0.10556555
0.12600929
0.124091305
0.10480756
0.11132526
0.11702412
0.13141754
0.0749868
0.13105065
0.15924937
0.114402115
0.12494415
0.11340782
0.110980995
0.10885243
0.12923643
0.10432652
0.13945755
0.11523437
0.10654314
0.11334916
0.13316989
0.11867195
0.119948715
0.10235797
0.09748128
0.10290195
0.071436174
0.12767136
0.091406554
0.12888646
0.0961308
0.110964164
0.103192285
0.09708033
0.08085708
0.14131543
0.1381664
0.116184324
0.14068654
0.08766808
0.07939532
0.105929255
0.07502045
0.10168788
0.11002509
0.0993185
0.10115779
0.11755411
0.074169226
0.11479432
0.107598476
0.08776191
0.12680086
0.12585866
0.10160133
0.10159332
0.10718801
0.1050157
0.09496722
0.1371583
0.09578346
0.1494394
0.12791772
0.10797417
0.1388382
0.12038045
0.1062287
0.1425726
0.120097294
0.121580854
0.09790626
0.11294666
0.09975138
0.09938826
0.11348224
0.10010151
0.12512347
0.09469476
0.09586171
0.12211778
0.14376108
0.110970154
0.100820385
0.09224691
0.06616145
0.109498024
0.1308905
0.11282566
0.07223377
0.14269677
0.1086111
0.1089012
0.08276166
0.08662701
0.09252858
0.1000223
0.12461606
0.09205018
0.07356181
0.11725906
0.13062075
0.09953572
0.13355646
0.08818827
0.10542436
0.10164215
0.11619693
0.097544715
0.120593905
0.12743151
0.09178442
0.123907104
0.11991944
0.07604829
0.07096006
0.11112067
0.09525487
0.1295386
0.10632743
0.08558479
0.10783445
0.11701258
0.1480645
0.11164569
0.106199265
0.119202
0.10777748
0.1316154
0.12320292
0.116990104
0.09903771
0.104160815
0.11566508
0.10264896
0.11335112
0.1152432
0.13379467
0.081442624
0.11767171
0.1318621
0.09390254
0.09162626
0.09730966
0.11353773
0.092469454
0.11662533
0.11855073
0.10901101
0.1405034
0.084004045
0.09131828
0.10826218
0.1312609
0.12255662
0.08077827
0.10897246
0.09748201
0.11583695
0.10529782
0.116909996
0.095694676
0.12432312
0.1048119
0.10075301
0.114152394
0.14570156
0.11666015
0.12651505
0.076602295
0.10071091
0.109144405
0.08606559
0.101955146
0.091416694
0.09387592
0.08621132
0.08209985
0.079096004
0.10167955
0.12688044
0.08963051
0.12804024
0.12353966
0.16689764
0.11506256
0.077548675
0.1279577
0.1337565
0.10102454
0.105063975
0.12086509
0.10113214
0.15789175
0.09901299
0.10123284
0.111788385
0.09239595
0.122361906
0.096248984
0.08792611
0.0777785
0.09693373
0.08764206
0.09489147
0.12131414
0.09882085
0.11972314
0.10166602
0.09126109
0.11384684
0.1345591
0.11584076
0.11701612
0.0811345
0.08578856
0.10462685
0.11370508
0.09872423
0.09009431
0.14550218
0.11689515
0.08450693
0.10233467
0.11816323
0.07546905
0.14687055
0.0965133
0.08583407
0.12978378
0.11410615
0.09468761
0.10378799
0.12316236
0.10287127
0.086394206
0.12385166
0.10757747
0.0907578
0.07847176
0.10142043
0.14558488
0.14047611
0.11597328
0.11024508
0.07636902
0.09514492
0.1454783
0.12599227
0.105436265
0.093783975
0.123239964
0.112490624
0.07628715
0.08934993
0.09621923
0.09882143
0.11559116
0.094898686
0.10610874
0.120842606
0.09578429
0.11651579
0.10065492
0.10711376
0.08624853
0.123786926
0.10510797
0.08527098
0.085203804
0.1115782
0.11180575
0.07864013
0.09323923
0.090411596
0.08642757
0.11097889
0.114122465
0.118542686
0.114158556
0.09552407
0.12844503
0.08833784
0.12542112
0.1319995
0.09656791
0.08797826
0.08891181
0.120954014
0.09735754
0.10953892
0.12789485
0.15209529
0.12197726
0.091652654
0.1092159
0.09506556
0.10116495
0.08134757
0.100974806
0.11106552
0.0774818
0.12231042
0.11518822
0.094044276
0.0999828
0.124354705
0.0911469
0.16678801
0.10887738
0.10546762
0.09476249
0.08506211
0.09886405
0.10265507
0.08862399
0.13232109
0.09856131
0.10281551
0.13231935
0.10342962
0.13234866
0.112312764
0.089709535
0.099329114
0.09111527
0.09468709
0.09438603
0.1265556
0.12420968
0.092399195
0.10420002
0.09594263
0.0721411
0.11480133
0.09261525
0.106635824
0.12866151
0.08793523
0.078222916
0.097488865
0.09345792
0.104866154
0.1281379
0.10261406
0.09690747
0.08841464
0.16848624
0.09451042
0.1066312
0.09626898
0.12565035
0.118245035
0.102080114
0.10965912
0.14879698
0.08954011
0.11336255
0.116025105
0.13763425
0.10415201
0.10962972
0.09566447
0.09976632
0.087233596
0.119511716
0.11676557
0.086167194
0.07718098
0.1160895
0.10919621
0.11306663
0.094390534
0.10521777
0.14114279
0.091506615
0.1292299
0.085396774
0.124211654
0.09315267
0.10594149
0.09591639
0.09997768
0.10056089
0.0881816
0.15422185
0.09781019
0.13030499
0.107688606
0.094707094
0.1459198
0.12497395
0.10065587
0.11332444
0.1049171
0.13592213
0.09956187
0.0860024
0.09120689
0.08966134
0.111610405
0.1428202
0.119737014
0.11101861
0.111420035
0.105191775
0.10167953
0.13345489
0.12506235
0.07666445
0.107474744
0.11467926
0.07625725
0.12057853
0.09713084
0.11044547
0.07679508
0.089640744
0.1046782
0.09699634
0.07947442
0.09720273
0.09879516
0.08899009
0.105944484
0.11169797
0.14012335
0.088842794
0.10108305
0.10590958
0.13843746
0.0994813
0.11207377
0.10391639
0.10448614
0.10250083
0.11299982
0.12472449
0.11223344
0.117890954
0.080920726
0.099106655
0.108607866
0.097029775
0.13381504
0.11804366
0.12648046
0.106965885
0.089786366
0.08823785
0.11758609
0.1206526
0.0863811
0.122559644
0.130204
0.089620434
0.091494985
0.10871696
0.07041716
0.10501334
0.092909664
0.09226048
0.111008584
0.10659613
0.13226637
0.13501193
0.0980598
0.1270765
0.11714126
0.1259235
0.10414177
0.12567878
0.12747449
0.10296993
0.11528571
0.121623516
0.13722618
0.104588985
0.10055307
0.12322403
0.12880293
0.08822138
0.105554394
0.096859574
0.13790031
0.10573053
0.076603204
0.10647028
0.10138728
0.11902173
0.060242184
0.08350131
0.10777419
0.12930349
0.11732621
0.0990954
0.11879146
0.09590325
0.12373545
0.09564175
0.106484674
0.09042389
0.09422012
0.10615253
0.1359114
0.09962003
0.13273567
0.1183414
0.101875484
0.11012153
0.07532035
0.10897398
0.106156945
0.11107822
0.10075527
0.07511236
0.11567484
0.10962281
0.10235368
0.1225957
0.1009326
0.11534332
0.08754762
0.114960685
0.08640432
0.12651142
0.10511285
0.10431774
0.10558953
0.14835863
0.09487875
0.1290021
0.14968568
0.08570281
0.10584314
0.10497309
0.08770272
0.10092484
0.08097084
0.08495628
0.09418204
0.07984777
0.099909246
0.07594667
0.1303654
0.10313186
0.1051837
0.10311711
0.08552811
0.073447324
0.110823445
0.104200736
0.09852722
0.051493175
0.10730481
0.09760637
0.067111954
0.08345601
0.08809686
0.12002267
0.087942645
0.086310335
0.08482181
0.11180657
0.102543645
0.11450702
0.11109264
0.12867597
0.0847149
0.12757394
0.09460625
0.11482116
0.12772754
0.095488
0.10635333
0.1039984
0.074337676
0.1153427
0.116159596
0.111394346
0.12367332
0.105305165
0.10791312
0.10970584
0.08865471
0.09808977
0.09824714
0.08447919
0.0798723
0.08723058
0.13691689
0.10650194
0.11548879
0.12459031
0.08940238
0.09520182
0.10158372
0.10067982
0.16550362
0.10948716
0.11214252
0.09155667
0.122283146
0.10569443
0.11124517
0.08797744
0.1114115
0.0697075
0.15157862
0.13002229
0.13265549
0.113846146
0.08319345
0.10001182
0.09977692
0.13974811
0.09754211
0.07346402
0.097195774
0.11508413
0.09751412
0.10632141
0.1256791
0.1303353
0.11692604
0.104198456
0.11752156
0.07318699
0.10982999
0.11274865
0.09958178
0.08798824
0.09091929
0.09532829
0.11336984
0.07635607
0.087941825
0.1158535
0.09438576
0.103250414
0.06645836
0.10100953
0.094367914
0.12890857
0.09580985
0.10188124
0.14291391
0.10637544
0.10946178
0.105231166
0.10656114
0.111433655
0.12613147
0.06841556
0.121844046
0.13558483
0.09538641
0.08185724
0.102264725
0.10024969
0.084709585
0.08341185
0.10607077
0.117382154
0.0936026
0.13240775
0.11332822
0.08868007
0.1315492
0.091712624
0.08924439
0.08563616
0.09458207
0.109854214
0.0869974
0.07457708
0.085365444
0.10413405
0.06962171
0.099674374
0.05800365
0.15256727
0.08979781
0.105015025
0.08861475
0.07884801
0.1350465
0.115577385
0.099508926
0.09153962
0.09812688
0.08079873
0.11944263
0.08784943
0.1157046
0.08930673
0.11530289
0.101992846
0.090446636
0.13423212
0.09996858
0.10599822
0.09788494
0.10207412
0.09729778
0.0905981
0.09211224
0.08591586
0.1018208
0.112361886
0.13136764
0.0753874
0.11143013
0.14625414
0.13936354
0.08675128
0.11943181
0.09760656
0.10935071
0.10711947
0.12774013
0.11858289
0.11895572
0.07389067
0.09731756
0.08763498
0.07650524
0.11825977
0.10026418
0.0861933
0.13976511
0.10781498
0.09745735
0.121569745
0.12516445
0.07313798
0.07010387
0.103597894
0.08718215
0.084319666
0.11115952
0.09071868
0.12649953
0.107558995
0.13649838
0.114459604
0.12786312
0.10176486
0.08154343
0.102175206
0.09483824
0.07360255
0.11548729
0.10563166
0.12460682
0.09073388
0.09704311
0.11121137
0.11430338
0.108435534
0.08795536
0.11494113
0.0960965
0.08985816
0.09729004
0.1045443
0.0810882
0.11191665
0.09889443
0.0937293
0.10523027
0.11044343
0.08676754
0.073777094
0.12297265
0.11066708
0.091997445
0.05189392
0.113483645
0.11634787
0.15139857
0.13464546
0.082752846
0.12032649
0.09336461
0.11561943
0.07527703
0.09023462
0.12085189
0.0811962
0.10665734
0.10338317
0.11770445
0.08778391
0.10523947
0.10901916
0.07248103
0.08014566
0.09268525
0.122847065
0.08240912
0.087743595
0.13580002
0.11115171
0.08902365
0.09943598
0.07136535
0.1101159
0.12129135
0.0907397
0.10837112
0.10537913
0.114286825
0.07917498
0.12022659
0.09440732
0.08327306
0.10846282
0.08823827
0.16228163
0.10116856
0.07593133
0.11509456
0.10332157
0.105605945
0.09901937
0.096723646
0.102629185
0.10772176
0.113477975
0.11969817
0.10192473
0.08037023
0.1166341
0.13743503
0.094991155
0.11377497
0.079474494
0.15148476
0.08521336
0.13114756
0.1285748
0.103857785
0.07593822
0.1023726
0.13484927
0.10654776
0.092687756
0.11537156
0.122554
0.10481493
0.10526556
0.100143746
0.11228177
0.09282964
0.15972388
0.09535931
0.103213
0.11730271
0.12313778
0.12854753
0.11887704
0.10248701
0.08060171
0.10516048
0.12395986
0.10563984
0.122395605
0.110546984
0.11413491
0.088955134
0.116813235
0.056892987
0.09392818
0.10206334
0.12046901
0.088872135
0.11584014
0.11501281
0.12645175
0.10091036
0.091868795
0.07634455
0.11396832
0.13216278
0.11262144
0.12012637
0.087414354
0.08571174
0.09871054
0.091157675
0.08009821
0.09484189
0.12789492
0.078136764
0.09103303
0.12267466
0.08029754
0.14166416
0.106089994
0.09148902
0.08989833
0.112354055
0.10219833
0.08458035
0.11132716
0.105886914
0.11854415
0.08293594
0.1066681
0.12341346
0.10740261
0.1182991
0.08953139
0.11603715
0.11305791
0.109653205
0.08802807
0.1121672
0.093153276
0.09209889
0.11185692
0.07307561
0.09230326
0.11352662
0.13211824
0.111038685
0.13329759
0.090263955
0.09848661
0.097635105
0.089583054
0.10344212
0.09499276
0.07252277
0.104080565
0.09063128
0.13141666
0.09314102
0.11147155
0.09108731
0.112385035
0.1101459
0.12493126
0.10867301
0.14128876
0.09488071
0.083392784
0.10086416
0.100448
0.09956493
0.07749002
0.09219738
0.1347196
0.06900754
0.109087005
0.085996225
0.07254548
0.12915096
0.12529336
0.082095966
0.08789976
0.09754115
0.13040543
0.1055372
0.12148208
0.077727854
0.10566135
0.10121541
0.071145475
0.075705
0.122108504
0.10554969
0.08792323
0.09416735
0.1322723
0.08021435
0.110597804
0.103300095
0.08989266
0.1174698
0.15749249
0.10602583
0.122958966
0.10044153
0.09125227
0.12648986
0.07144109
0.09416035
0.09320087
0.088401325
0.10768576
0.11282337
0.08381433
0.09343553
0.07712488
0.0899076
0.098614864
0.11596578
0.07906768
0.11073078
0.12838753
0.10306251
0.07304499
0.1237939
0.090974905
0.094275326
0.10346307
0.075213894
0.09486854
0.113776475
0.098882385
0.10158555
0.09342405
0.08341907
0.105298966
0.07712935
0.12770578
0.11020043
0.08234977
0.067807086
0.081498764
0.07151355
0.13735002
0.081556834
0.10550491
0.08616334
0.10063445
0.11483516
0.104304105
0.08688362
0.086191654
0.114304945
0.12035084
0.1031592
0.12134302
0.112372965
0.0751842
0.09554176
0.081577756
0.07838788
0.13086489
0.07865831
0.11661932
0.06439823
0.07317734
0.116203874
0.08475152
0.06234142
0.08105615
0.09279393
0.11237051
0.10206208
0.112435654
0.11215651
0.08471158
0.06592628
0.114359826
0.114104755
0.07733028
0.07205588
0.107869655
0.08989831
0.07951811
0.08238499
0.100026526
0.083497025
0.13196705
0.09104897
0.11679434
0.121725544
0.09350975
0.08663148
0.08713221
0.09270239
0.111049555
0.10755993
0.11070117
0.11049092
0.09153032
0.076763
0.09252009
0.099800505
0.09225114
0.12303416
0.1100746
0.09334855
0.13244772
0.084884286
0.107797585
0.09266631
0.13924648
0.10068403
0.073150076
0.07383636
0.12283845
0.08178346
0.12350609
0.093825944
0.105914004
0.094619974
0.13115868
0.09890147
0.07976547
0.09145801
0.078249715
0.15519574
0.12258775
0.08032645
0.08111246
0.08791955
0.114760846
0.10209501
0.09203549
0.10546568
0.09591843
0.12729919
0.06982362
0.08863264
0.07799157
0.0718143
0.08594209
0.08466046
0.10066249
0.12501015
0.10101665
0.09716841
0.10874694
0.09084515
0.073407434
0.1277881
0.07722362
0.11978129
0.09107635
0.12658453
0.12193452
0.0738309
0.13048792
0.07559836
0.07452808
0.087943986
0.1139858
0.073829874
0.10291927
0.10844521
0.085155725
0.0874095
0.09483141
0.12171906
0.0893292
0.0901802
0.1023556
0.10303907
0.10234233
0.11301239
0.10090074
0.080212295
0.091951564
0.0899556
0.08836395
0.083126776
0.06548398
0.07522205
0.06485702
0.09330801
0.096405156
0.112773135
0.10475701
0.081364
0.123505905
0.083735034
0.08787583
0.051138904
0.11477209
0.07661769
0.08162162
0.113080114
0.094732165
0.09465094
0.084087744
0.10207437
0.114011995
0.100848496
0.121536724
0.12858638
0.0791877
0.07213211
0.09119264
0.09239638
0.10655341
0.09816496
0.0980933
0.10457726
0.1117271
0.1022956
0.09785331
0.06250854
0.1247554
0.10048683
0.1294673
0.09733987
0.08270569
0.086653724
0.080982
0.10138361
0.07460548
0.08504747
0.07092549
0.0682702
0.07777004
0.108869106
0.10414376
0.11690986
0.057174288
0.07669756
0.13259244
0.103540204
0.07899927
0.09953365
0.12412843
0.076248765
0.07544594
0.084041
0.088240236
0.10604915
0.112144604
0.08168079
0.10409567
0.0756398
0.12680228
0.09444161
0.077450246
0.13258275
0.07169445
0.09621391
0.11035639
0.06590162
0.10080875
0.122784786
0.12054305
0.128241
0.13305941
0.070890546
0.08955616
0.07534127
0.08521283
0.09170357
0.09875719
0.11769807
0.097852066
0.08355584
0.115701124
0.12466928
0.12000184
0.1120932
0.11197865
0.08195238
0.10206756
0.09773415
0.10466018
0.087439045
0.08107619
0.11740799
0.10374756
0.10504413
0.09111057
0.07099772
0.11271167
0.09080431
0.11435832
0.10782288
0.06689052
0.06687622
0.0958444
0.07568185
0.1020317
0.09259552
0.09246649
0.10460015
0.0941522
0.08906249
0.093564235
0.09921185
0.116771616
0.10185361
0.08272548
0.09333336
0.101218194
0.03717483
0.15802705
0.055360623
0.10903683
0.10582355
0.09836921
0.079823054
0.09835158
0.11077139
0.1020916
0.072301224
0.07466808
0.056592554
0.12130603
0.10306951
0.10322243
0.0862968
0.07443997
0.093153894
0.10107345
0.10561897
0.09087975
0.12768394
0.10285988
0.044131286
0.096788004
0.076658234
0.1236844
0.139361
0.08275844
0.0879133
0.08595657
0.10027757
0.10004857
0.09622313
0.14110696
0.098185584
0.08312722
0.10790892
0.10443765
0.1068404
0.09221554
0.12162734
0.091857135
0.13135007
0.10305475
0.11212562
0.08315045
0.091900915
0.06344308
0.13585517
0.12695286
0.08026168
0.10946825
0.11780535
0.10554446
0.09247504
0.08985679
0.10584793
0.09350176
0.08416983
0.078720026
0.072617106
0.06287114
0.100460514
0.101287015
0.10230903
0.07795254
0.12205805
0.0989967
0.1147663
0.0674911
0.12840725
0.09064184
0.083534524
0.066960946
0.099350035
0.080138095
0.071684815
0.09368454
0.09227338
0.10567617
0.1211531
0.08281422
0.09022647
0.093544826
0.080290325
0.06752351
0.13932224
0.13841425
0.0941412
0.08238843
0.10744898
0.05511613
0.09344438
0.08595345
0.09294768
0.07584674
0.0812502
0.09273844
0.05053665
0.0880648
0.09742194
0.08466819
0.09012419
0.09172328
0.12599355
0.12573981
0.10167445
0.057147518
0.10268076
0.101413295
0.11224626
0.12389571
0.08351292
0.13883002
0.09315478
0.10554208
0.07764677
0.09415784
0.08963224
0.10313304
0.08471796
0.11065578
0.09028881
0.09668611
0.092716634
0.14097936
0.09353321
0.12246917
0.11577597
0.07101494
0.09902964
0.11348378
0.09357391
0.07743161
0.07612664
0.078781016
0.10274493
0.13028535
0.11567702
0.08904128
0.09792745
0.0853053
0.10489065
0.08827196
0.10294628
0.10527316
0.08983372
0.07565929
0.09837659
0.098691344
0.079885334
0.119917184
0.15004185
0.11418961
0.12126226
0.1339793
0.0879013
0.09809319
0.07955076
0.1069542
0.0954829
0.10242212
0.08713477
0.08778845
0.104867496
0.07800569
0.11531073
0.10226961
0.123980105
0.07868623
0.06850883
0.086114734
0.106032684
0.1097679
0.11117232
0.08804323
0.09500563
0.10726386
0.10223697
0.124414995
0.091809586
0.087794736
0.10900791
0.08494909
0.15844396
0.101615086
0.119889796
0.09533183
0.10101196
0.09691802
0.102731496
0.07205996
0.11312094
0.11956838
0.09839404
0.11738031
0.09984374
0.11158465
0.074564
0.08839089
0.110781334
0.101129755
0.08100339
0.07834768
0.11767075
0.08571695
0.12951942
0.09426901
0.1073048
0.077597775
0.10319249
0.06545312
0.07851857
0.07117051
0.1162568
0.13833506
0.073785275
0.086881146
0.07383908
0.11476836
0.091634795
0.09140767
0.114040196
0.11514084
0.102176934
0.10099965
0.10607331
0.069482796
0.09855616
0.09098062
0.10584505
0.14742014
0.12124959
0.08389646
0.094144374
0.1076103
0.11658017
0.11342847
0.11087768
0.108190514
0.08570905
0.08341953
0.09697312
0.109952345
0.108312026
0.10639128
0.098383985
0.09684904
0.115363866
0.10038015
0.1005377
0.06762174
0.09167234
0.07552439
0.10330416
0.12401755
0.10198428
0.08885406
0.07955972
0.13037813
0.09312963
0.060305506
0.12240173
0.106570065
0.09957716
0.06420766
0.07890685
0.08950193
0.11507648
0.08782144
0.08030827
0.13344708
0.08534352
0.08517793
0.119784184
0.068235405
0.106013775
0.12934056
0.0982618
0.103565544
0.1068452
0.077544555
0.13434419
0.07992018
0.07255712
0.100835554
0.08389996
0.12303819
0.07120572
0.11210357
0.07918355
0.0953799
0.10591393
0.10676913
0.074634075
0.109115705
0.09101705
0.0732859
0.09583934
0.12489656
0.11907936
0.11663975
0.07219525
0.101889856
0.10512339
0.10292713
0.09030749
0.09494831
0.1419228
0.06825183
0.087098956
0.11128125
0.07337953
0.06730126
0.09963812
0.10528408
0.08374787
0.12691884
0.106223255
0.08648501
0.08285431
0.10722451
0.13380226
0.081527404
0.12025693
0.13057867
0.11087035
0.085554674
0.06502651
0.09022141
0.055569537
0.1390798
0.12382225
0.09879337
0.10828161
0.07116581
0.1027143
0.09475582
0.06773654
0.09730149
0.07982654
0.102352515
0.099511236
0.10017763
0.12278335
0.11000969
0.05859498
0.10892452
0.10693652
0.08889301
0.084579214
0.09986508
0.0897086
0.12466245
0.11485033
0.10139887
0.09687473
0.09883629
0.09571357
0.1021186
0.10290998
0.074473776
0.13504784
0.08169587
0.11695474
0.12548782
0.0827901
0.10731566
0.09257674
0.08348698
0.110782206
0.0942552
0.0996182
0.12041798
0.1241817
0.0800119
0.10994543
0.09988813
0.104956105
0.071863666
0.07283484
0.11072002
0.103079826
0.09040252
0.098101795
0.07675902
0.07931919
0.08185746
0.1415863
0.07914144
0.07924324
0.13488469
0.11839021
0.099010356
0.10190043
0.101395816
0.097969934
0.07502415
0.08679226
0.088877134
0.07182101
0.096477695
0.09502582
0.09396902
0.11825228
0.07611561
0.07059659
0.076905176
0.088662505
0.12373393
0.071166486
0.08233033
0.08806379
0.06788422
0.1263108
0.12159306
0.073214546
0.08801012
0.061054863
0.07516608
0.08452217
0.08636596
0.07299052
0.09034649
0.10943757
0.096115395
0.12013312
0.12660769
0.10789735
0.10893524
0.10247831
0.070139505
0.11883701
0.102999076
0.10317893
0.07650087
0.07399581
0.09138858
0.09170017
0.08394538
0.11094735
0.103366226
0.083612226
0.11352286
0.15000263
0.07739477
0.08887613
0.101144716
0.09547132
0.096525766
0.10516578
0.061501123
0.12169928
0.0966509
0.078457855
0.095446065
0.086236656
0.08072467
0.08581588
0.118753806
0.0904112
0.09364853
0.08338598
0.09844613
0.06654963
0.075691044
0.08208187
0.106250286
0.10854358
0.12405646
0.08225038
0.123432904
0.07629083
0.1014256
0.08916657
0.07030001
0.10106657
0.076546274
0.08704804
0.083663486
0.086184844
0.11714852
0.11487487
0.113406315
0.08142567
0.12779859
0.10469292
0.103376426
0.08279158
0.12840554
0.08714131
0.07521502
0.08231048
0.12672307
0.063819885
0.07507543
0.10193322
0.11651978
0.11739185
0.10266746
0.0651516
0.058048923
0.08825761
0.12662525
0.078368805
0.096901685
0.0999121
0.08813019
0.12334154
0.10862123
0.11810137
0.05983644
0.12792578
0.07743791
0.07972309
0.12538134
0.12822053
0.08109796
0.07127164
0.07025437
0.07676957
0.09881994
0.12308184
0.096149415
0.119487934
0.09193154
0.059501003
0.0703435
0.10889761
0.057068042
0.104200855
0.080889285
0.07048254
0.074003205
0.14231294
0.09652057
0.09076006
0.103216544
0.11992729
0.086588554
0.084542125
0.08043659
0.0837836
0.082362324
0.08673814
0.08578926
0.096388906
0.15193504
0.09153657
0.102887824
0.07236582
0.06079324
0.10239038
0.10003349
0.10414362
0.12456136
0.101366356
0.0841209
0.049823076
0.06830157
0.10781489
0.09415726
0.07429986
0.09870119
0.054200917
0.09279752
0.08764091
0.11197795
0.087440714
0.086481944
0.11189694
0.08422744
0.08992387
0.087649494
0.09992665
0.09994049
0.07446236
0.08970323
0.12920019
0.124565564
0.106323734
0.0538675
0.074021414
0.09988267
0.09343616
0.08399233
0.05909771
0.07414648
0.12503575
0.12559761
0.083772495
0.100336105
0.10640123
0.13279875
0.09998605
0.097695574
0.10701181
0.09171364
0.11180009
0.09715591
0.083277345
0.10214679
0.096422374
0.09868613
0.11676993
0.10766303
0.09372002
0.10938917
0.08158301
0.09946518
0.09679444
0.08569589
0.10059191
0.07468756
0.08044757
0.08955212
0.07966396
0.12991963
0.093071006
0.09631063
0.073244035
0.09584384
0.08609592
0.06291314
0.120976426
0.09972432
0.07835736
0.12631291
0.0865577
0.091391355
0.11323318
0.09577935
0.08868519
0.09280633
0.13782671
0.10749897
0.11737856
0.09077199
0.060010225
0.08080234
0.09124254
0.11082439
0.12077405
0.092680186
0.096603625
0.098651126
0.10614655
0.089079216
0.116228476
0.09671715
0.09018466
0.087399594
0.100548424
0.0879503
0.10690492
0.1149407
0.13629031
0.100581974
0.08574624
0.07768813
0.13068116
0.117477514
0.07464478
0.1031723
0.096052445
0.09457165
0.104649216
0.091037676
0.0993104
0.06968223
0.09207801
0.123313725
0.1353443
0.09213335
0.063091196
0.091386035
0.08045906
0.072750516
0.1262209
0.07738368
0.08517211
0.08825678
0.06944332
0.07330531
0.12686855
0.09651644
0.0678471
0.09446929
0.09891367
0.05900862
0.10551259
0.11297713
0.089191325
0.11705685
0.09527913
0.067892626
0.11560301
0.07959678
0.079800375
0.10355699
0.10117303
0.085995026
0.09802628
0.10823263
0.08912328
0.08771704
0.09927164
0.071518004
0.10906871
0.12036279
0.09579472
0.09347468
0.088187635
0.0936389
0.084049284
0.06561917
0.09638297
0.09303129
0.09891965
0.105486594
0.07205133
0.097360626
0.089374214
0.080045246
0.10540972
0.11007143
0.089896455
0.08391516
0.09978193
0.08394141
0.09851225
0.089399025
0.1140229
0.09609198
0.11806516
0.08023963
0.071738206
0.093941316
0.11834234
0.11323483
0.12748216
0.10425177
0.12147339
0.07712432
0.097898655
0.059609596
0.098087855
0.0793524
0.12049656
0.115260586
0.110710874
0.073419586
0.10451026
0.105306484
0.07596199
0.11677106
0.115073904
0.09804061
0.10192476
0.08718428
0.11827998
0.122563414
0.08273889
0.090130344
0.07681889
0.12694487
0.12361435
0.10535386
0.08008738
0.068132
0.06066518
0.13388683
0.107870266
0.10383572
0.13950765
0.084271215
0.10622038
0.1307275
0.09876402
0.08478485
0.082340896
0.08447856
0.064128876
0.079779245
0.10140334
0.099530265
0.09893029
0.07746045
0.07881888
0.08203058
0.08652942
0.08366952
0.09615538
0.08684142
0.10657277
0.10698322
0.098392814
0.10894429
0.08966172
0.07282083
0.091709346
0.0799141
0.11006042
0.11571848
0.11432321
0.083768904
0.09020746
0.09329427
0.08825421
0.08321898
0.08696677
0.06674163
0.13430041
0.08083833
0.07606229
0.085476935
0.06404796
0.11473157
0.10039163
0.08289601
0.088991314
0.08716892
0.088368624
0.10845205
0.07298545
0.058341075
0.11415844
0.09365207
0.10431565
0.09122203
0.08137403
0.12090618
0.1004677
0.0797898
0.098829724
0.098418094
0.09109275
0.08308729
0.09607896
0.070128515
0.08135654
0.076719604
0.08390285
0.08014441
0.10794105
0.12960097
0.057326958
0.11927357
0.13773742
0.10187681
0.11915383
0.08316794
0.0988108
0.101158015
0.13462196
0.075952135
0.09526582
0.10762226
0.09532331
0.103313796
0.08179307
0.090781346
0.08721064
0.10894017
0.10130978
0.11306796
0.08107965
0.103683054
0.07712102
0.085761696
0.087207854
0.06893654
0.05077246
0.09970187
0.08555001
0.092542805
0.10308464
0.071659386
0.09033315
0.1104584
0.11638062
0.12217337
0.08390296
0.098860025
0.08942435
0.10800124
0.108545676
0.08408292
0.09027803
0.14754388
0.059166893
0.10333841
0.09674389
0.110603884
0.07265408
0.107808486
0.09054182
0.06877809
0.118410006
0.077000536
0.07361716
0.097452216
0.11575727
0.08521823
0.09442683
0.12705243
0.09876315
0.12191528
0.11908059
0.068238035
0.12547259
0.08444234
0.07526737
0.11486579
0.07179248
0.079148754
0.10400128
0.077610925
0.089150816
0.0860776
0.086081564
0.07382528
0.09857865
0.08918914
0.07576205
0.090100005
0.07924555
0.08404076
0.0917664
0.08753272
0.06741263
0.115965754
0.06991185
0.11261743
0.11556302
0.095551506
0.09177644
0.102279566
0.0949531
0.09811028
0.11121679
0.07266557
0.076110914
0.06337789
0.11642215
0.113679305
0.10045798
0.0846545
0.10097607
0.068719715
0.082451984
0.12764904
0.100957096
0.07251682
0.0829443
0.06955075
0.08296413
0.069808915
0.084984876
0.1016701
0.08144923
0.10506087
0.07684161
0.085101984
0.11309299
0.04893777
0.059886735
0.07900052
0.11505901
0.09735604
0.09599917
0.06556062
0.105215415
0.095176026
0.06882013
0.09059565
0.093558
0.091454424
0.086446345
0.084157534
0.079652034
0.09548723
0.10619764
0.07437115
0.08373966
0.11229582
0.10850985
0.088285014
0.069242336
0.07527618
0.09428214
0.13032863
0.087246254
0.08552557
0.10541934
0.080092914
0.06443556
0.08318259
0.103553295
0.110379875
0.08409287
0.08958563
0.09152779
0.084028676
0.14146084
0.092796646
0.09484753
0.096575886
0.113269135
0.081129186
0.123811804
0.090535164
0.066641204
0.08137463
0.0842482
0.11961465
0.1110136
0.095264636
0.07532087
0.09727603
0.05025685
0.089319795
0.11143042
0.066422135
0.12595809
0.07321939
0.07153787
0.106762275
0.05807717
0.108296104
0.1334289
0.08277577
0.07527787
0.07433597
0.10408568
0.09730669
0.08297923
0.06529281
0.084871896
0.094254434
0.10895005
0.065398365
0.09271324
0.130145
0.07999727
0.08858301
0.09191449
0.106594756
0.15272991
0.121602386
0.10743259
0.09560932
0.0884614
0.121556774
0.07875462
0.11486608
0.09462555
0.11193794
0.08377948
0.08693756
0.10324596
0.09085834
0.107288
0.10194686
0.11199099
0.12279276
0.056344137
0.11984639
0.11152241
0.15298483
0.1164071
0.06506269
0.094324395
0.08298459
0.106811434
0.08233861
0.11144605
0.109993696
0.092463
0.109967574
0.10053143
0.09104164
0.10201863
0.078711376
0.10792962
0.10579554
0.09298904
0.096418135
0.081616804
0.100084424
0.084128514
0.07960925
0.0798682
0.11041427
0.08620402
0.095099226
0.06439169
0.06179775
0.084856555
0.096285924
0.08315636
0.08540529
0.083094954
0.061358932
0.098708406
0.08259555
0.08992775
0.094114855
0.07802519
0.104009174
0.117217146
0.07560767
0.08708641
0.10440496
0.089863375
0.084388226
0.082023494
0.08768997
0.09263046
0.097047724
0.08177293
0.07610756
0.105668545
0.11934153
0.07565157
0.08799139
0.067158885
0.08623181
0.085551046
0.100559264
0.06087928
0.080202825
0.09701162
0.1098534
0.08957686
0.06607761
0.10876721
0.075153805
0.073135585
0.08221866
0.12636378
0.07184304
0.10400669
0.07481357
0.08241466
0.080916524
0.10611372
0.09244414
0.07623917
0.068716414
0.09757267
0.06145949
0.087709405
0.11532114
0.11638859
0.09246528
0.096881784
0.08102212
0.09069486
0.08370906
0.07658789
0.12631047
0.058729988
0.057411842
0.1126651
0.09957523
0.08618376
0.091967456
0.09023251
0.11992465
0.08800608
0.07723561
0.13939777
0.09994106
0.10009742
0.08815907
0.08259401
0.09946923
0.07643917
0.081541374
0.106071755
0.10439454
0.10935551
0.08441531
0.13004056
0.098985046
0.14232108
0.09658776
0.11486933
0.08387113
0.103227064
0.06750692
0.10644722
0.10000812
0.082474515
0.062012613
0.08469692
0.11005758
0.09133595
0.10298687
0.14928909
0.11277925
0.10408146
0.0747135
0.0965054
0.06909266
0.07007401
0.090140596
0.068980254
0.092871755
0.085542195
0.10902119
0.076033436
0.08561837
0.10100627
0.084216654
0.11406046
0.06778161
0.090551525
0.0817526
0.07494715
0.08990145
0.06317662
0.07481274
0.07171446
0.07609774
0.07362869
0.096007355
0.06320827
0.0663967
0.08798791
0.11058451
0.08642364
0.09475063
0.09935684
0.07968348
0.08009003
0.109675586
0.07552425
0.09050291
0.095153525
0.06527001
0.07590831
0.10014894
0.08154875
0.053442128
0.077800676
0.08288541
0.06429596
0.08744173
0.11141596
0.099861756
0.08108561
0.1150523
0.08261756
0.0746205
0.073231146
0.0828882
0.0595686
0.100209296
0.13758901
0.09920172
0.082805276
0.08075706
0.113567196
0.080002636
0.10675077
0.071705
0.06729265
0.07266881
0.11030656
0.075225726
0.07132658
0.07920496
0.117064245
0.0994988
0.090491146
0.08949606
0.07319407
0.08866413
0.088735625
0.051708046
0.08535124
0.07521726
0.0857441
0.090394884
0.11076526
0.053623345
0.09608535
0.11080623
0.043805398
0.0838904
0.09868649
0.075536765
0.085806206
0.07632025
0.089374945
0.07319483
0.08012451
0.118651986
0.09559037
0.11134161
0.09867905
0.06769048
0.0740135
0.090330616
0.080949746
0.10274626
0.065789014
0.108997665
0.07482592
0.11661783
0.073713884
0.07345469
0.121687956
0.08560479
0.074150875
0.099379614
0.067487754
0.08995405
0.06680335
0.1163072
0.09136431
0.109685205
0.10389664
0.14437766
0.11920762
0.102542296
0.10590646
0.095704824
0.110602945
0.12045529
0.08376078
0.12098774
0.061731532
0.10666014
0.11122015
0.08884402
0.0897602
0.107302085
0.088820435
0.09454814
0.07432193
0.08072368
0.10607558
0.09399919
0.11514237
0.0942163
0.13696235
0.055898663
0.07268218
0.11269349
0.08397327
0.09079101
0.0941183
0.103962086
0.12027207
0.10095032
0.09755651
0.08447637
0.10938448
0.09982477
0.07397146
0.09211449
0.13205764
0.06577363
0.08344864
0.084476486
0.08944025
0.052963354
0.0694272
0.09662757
0.09658601
0.121117175
0.09209581
0.09020428
0.12297425
0.08140443
0.09407391
0.104720145
0.07297789
0.098991595
0.0759695
0.07858411
0.07850291
0.08843881
0.10215196
0.12113596
0.07840075
0.084152505
0.13915281
0.04385636
0.08774623
0.10230066
0.13484879
0.0856944
0.09529548
0.079862036
0.090491086
0.06297238
0.073956996
0.08267238
0.105626866
0.07864253
0.08300008
0.08590651
0.08087087
0.09591991
0.11737931
0.08407822
0.10587731
0.10418513
0.07939687
0.07181047
0.07213144
0.09290348
0.11161564
0.0869252
0.090983234
0.054867625
0.083414644
0.069371425
0.090768814
0.12059918
0.0931315
0.077873476
0.08761996
0.087855846
0.11642219
0.07882816
0.10054557
0.118677646
0.104489505
0.11174852
0.09351897
0.0812493
0.07233064
0.067272246
0.08710261
0.10191095
0.05708479
0.07312782
0.068773
0.10060656
0.07820636
0.12848547
0.116098806
0.10301943
0.097784385
0.052139133
0.10339526
0.09628707
0.07159023
0.097963125
0.12943733
0.07772945
0.080722496
0.0810359
0.050350092
0.10065259
0.06905037
0.059251726
0.09354049
0.08245903
0.069514476
0.06743608
0.11782647
0.1110369
0.119824946
0.0945137
0.112602845
0.11525103
0.08316007
0.095222116
0.07240835
0.09636355
0.11472732
0.11700913
0.066721156
0.06649723
0.08987476
0.105811775
0.08759408
0.07767841
0.10018422
0.06649477
0.12174338
0.08834759
0.10931939
0.08024303
0.105801
0.122212596
0.0930554
0.106982514
0.10179329
0.0801346
0.10320006
0.06621376
0.07802622
0.09897184
0.08775106
0.08196517
0.09268271
0.11666993
0.10778048
0.091825925
0.09451258
0.0952888
0.07751112
0.09253083
0.082935296
0.07602894
0.11116214
0.08739492
0.06719453
0.06778939
0.06609399
0.07886294
0.10068929
0.1202744
0.071635254
0.09444911
0.09258255
0.09880602
0.093103856
0.115494214
0.0940897
0.110279515
0.10322807
0.07567066
0.07477958
0.0990697
0.0817866
0.09735456
0.09244606
0.08079412
0.08985261
0.07439026
0.089807145
0.064633325
0.103950635
0.074609086
0.09601417
0.074047185
0.095369294
0.09040082
0.101965204
0.08805955
0.076478325
0.08176878
0.074574456
0.1006234
0.04789292
0.090859264
0.058642976
0.08476839
0.096945375
0.08223757
0.07481845
0.07942953
0.0591543
0.12483469
0.06652251
0.14961551
0.09436773
0.067919455
0.078929275
0.07203712
0.086770035
0.06196682
0.115067214
0.11171243
0.09245297
0.092735454
0.08463008
0.087153204
0.077808216
0.09043621
0.08546692
0.0858182
0.09797968
0.09869516
0.08246702
0.09656654
0.073318325
0.08634222
0.08326426
0.06048949
0.12018894
0.10297634
0.10449966
0.10405109
0.07154523
0.09599673
0.076169536
0.11887613
0.049989052
0.11298302
0.064814776
0.07961775
0.11305071
0.10254224
0.0712408
0.09677315
0.05826163
0.08681899
0.099490784
0.092871934
0.06391891
0.068718985
0.07559576
0.10459047
0.0875352
0.07311338
0.12264657
0.06007518
0.08100389
0.093521535
0.05903671
0.055581924
0.121448666
0.10277884
0.08073929
0.06597309
0.07698821
0.08656964
0.11555641
0.09221733
0.07078729
0.093074575
0.0804957
0.059209406
0.088181704
0.07962143
0.084019706
0.08071698
0.09398405
0.105072714
0.0909151
0.1068341
0.07675364
0.07438423
0.07349698
0.09563065
0.07485512
0.06556515
0.06953976
0.07856329
0.088956766
0.09581369
0.13450623
0.11171609
0.12415077
0.10175092
0.09717387
0.10333375
0.1133021
0.09710918
0.08473115
0.11399153
0.09491323
0.08436838
0.084515646
0.07230656
0.10979748
0.09244026
0.074778154
0.08434476
0.07187539
0.09779078
0.06978186
0.0652674
0.08553386
0.061922517
0.09194285
0.05580152
0.087042674
0.063568115
0.0652744
0.08038782
0.06997077
0.122001365
0.087946326
0.07892988
0.062109247
0.07316691
0.10668832
0.09920113
0.07346031
0.10066512
0.06202276
0.070943795
0.087114275
0.084310025
0.06922573
0.07774924
0.07755772
0.062441006
0.07810313
0.10220173
0.1074303
0.10193029
0.090942204
0.06388618
0.1279253
0.083980516
0.07779993
0.10298556
0.12196984
0.08447839
0.10759957
0.11407685
0.10201547
0.12492311
0.10321757
0.07202947
0.045681037
0.085983194
0.08875217
0.07320073
0.11611858
0.09027584
0.06678606
0.08130899
0.09954005
0.073028535
0.08741979
0.08018759
0.079007015
0.08620274
0.1134495
0.06883297
0.08782132
0.0716371
0.07118766
0.085392356
0.078011185
0.10674346
0.09032954
0.058138285
0.11921439
0.11089556
0.06543024
0.09412356
0.085948855
0.07730897
0.07545313
0.083382264
0.044781975
0.08384252
0.08425829
0.1092004
0.09585363
0.08867416
0.09470689
0.09737155
0.08217507
0.058708936
0.088145986
0.073795356
0.06543721
0.1166633
0.07039589
0.10685078
0.095987454
0.081827745
0.08031711
0.08374438
0.09750177
0.1117222
0.08524639
0.08071111
0.06676413
0.07382937
0.08898783
0.0726915
0.09054722
0.07110988
0.09185536
0.092280835
0.0807372
0.07879993
0.09352841
0.10878495
0.0960197
0.113781735
0.1084459
0.10175592
0.09096855
0.0677584
0.08368277
0.08685749
0.12776336
0.110750586
0.08068641
0.07768577
0.062777594
0.09065506
0.08558581
0.08646887
0.09706669
0.06402475
0.0792537
0.046105403
0.058740586
0.07650483
0.07594757
0.13790089
0.11163684
0.072599076
0.12636809
0.06902979
0.10039924
0.097603455
0.0934322
0.07331005
0.11545658
0.06338726
0.10625915
0.12510133
0.11620787
0.098154545
0.08155829
0.114129096
0.09381106
0.10571173
0.09418171
0.09768322
0.08213003
0.0828684
0.11107986
0.086198315
0.08907126
0.12525214
0.112180024
0.11409521
0.0873703
0.107483685
0.08349118
0.087485835
0.088935
0.07732536
0.09410312
0.10240738
0.07742208
0.06945677
0.06633411
0.08339055
0.11123171
0.091044486
0.096541665
0.061578266
0.09381457
0.11178112
0.108338006
0.086749576
0.08470029
0.13756743
0.093576804
0.12028421
0.09943782
0.099003226
0.097990766
0.09473808
0.06809721
0.07539975
0.100547284
0.0830857
0.09435229
0.08123285
0.086793825
0.08766318
0.063941866
0.110019416
0.085089475
0.10315804
0.08982024
0.08645938
0.07593204
0.0921063
0.07804976
0.08172704
0.055668518
0.08661316
0.07657665
0.073565364
0.05628831
0.082970664
0.08445322
0.07926637
0.07582265
0.083022505
0.088042006
0.11383585
0.06923349
0.08576117
0.09151227
0.06637986
0.080347344
0.09545392
0.07263125
0.079907805
0.08521593
0.08099598
0.07505292
0.116465196
0.06659641
0.07317212
0.07036776
0.08398153
0.12903377
0.1092867
0.10027164
0.08226907
0.08253333
0.10671453
0.059744444
0.1443141
0.060773086
0.11941525
0.08208596
0.12838787
0.108423665
0.094154805
0.10399532
0.062678695
0.07640658
0.09480588
0.09009054
0.071540155
0.07255837
0.08601803
0.13081922
0.07448973
0.09122248
0.10747724
0.060089007
0.09303634
0.075135104
0.13891064
0.07774383
0.07417967
0.11594036
0.11321804
0.08037381
0.10309522
0.0737092
0.09174168
0.10911645
0.14199248
0.0786785
0.08853321
0.10471633
0.06460956
0.07463822
0.0888134
0.1103742
0.085729696
0.07305555
0.08635001
0.08795643
0.08370562
0.08775316
0.06171846
0.13313848
0.08785635
0.10853766
0.0787555
0.070585564
0.09075136
0.083767
0.06731282
0.06613541
0.07800737
0.090074465
0.0758738
0.06527862
0.0522301
0.06938784
0.13699971
0.07919095
0.07127312
0.09935704
0.066931814
0.06970899
0.12834933
0.07678023
0.074732885
0.085721955
0.07401626
0.07831788
0.0438597
0.09978345
0.09547903
0.06245047
0.09343982
0.10971828
0.076686546
0.11419678
0.078048244
0.09986754
0.06987318
0.06164162
0.086682916
0.09114562
0.08821281
0.11246432
0.075559646
0.07226597
0.116819605
0.065909415
0.09443366
0.06901126
0.085272685
0.082989626
0.0934591
0.07191852
0.07694271
0.07305717
0.10157312
0.096781716
0.100035734
0.09502864
0.09270106
0.096920654
0.07908007
0.06249369
0.081103966
0.051596854
0.080508575
0.098519586
0.061083753
0.09908418
0.11353804
0.05557029
0.12547743
0.08797766
0.06626505
0.10333949
0.10054694
0.08231926
0.074798554
0.073038265
0.10170199
0.08421135
0.089690626
0.087722644
0.07250272
0.11035632
0.092476055
0.079615854
0.07185492
0.10074173
0.08388438
0.08154076
0.07932156
0.08865278
0.0858361
0.09796172
0.055494778
0.09272699
0.107539564
0.090235755
0.08102201
0.06876456
0.06130833
0.10590719
0.103627466
0.08515497
0.08531604
0.073775455
0.093381256
0.064493775
0.079307154
0.079531595
0.13316238
0.10468811
0.09127243
0.12721899
0.07341941
0.10028966
0.068015985
0.11269288
0.07215108
0.078467794
0.11675217
0.08451795
0.101642236
0.09222004
0.11255698
0.10426099
0.08410081
0.094190575
0.07925873
0.08123203
0.085972965
0.09522279
0.06454223
0.085705906
0.096709296
0.07330942
0.10593576
0.06352824
0.085419044
0.094300434
0.085116
0.11497843
0.054827657
0.09798306
0.09382832
0.07012923
0.0871148
0.07325367
0.115074806
0.09294329
0.101080015
0.09113487
0.07836141
0.079542056
0.07532223
0.12971239
0.065179184
0.10491872
0.082684904
0.09935132
0.07562338
0.11183901
0.074912794
0.07992576
0.08114204
0.097711526
0.08058861
0.092400044
0.08361957
0.09712357
0.05250839
0.084070206
0.07801578
0.09542306
0.063554116
0.06759008
0.1003696
0.10774059
0.10046035
0.076935336
0.07163926
0.08031038
0.09480609
0.11578055
0.11763516
0.074665524
0.10544442
0.07080675
0.10270476
0.0844711
0.090340585
0.10764199
0.08443764
0.07880764
0.11215755
0.07832165
0.13630095
0.10819887
0.1166956
0.0957961
0.08494738
0.083654076
0.09603509
0.10777869
0.07461546
0.061255854
0.08310155
0.086290695
0.11923579
0.08070849
0.10202035
0.07452879
0.118028305
0.14137928
0.095816076
0.090185404
0.0786936
0.08075513
0.09783596
0.0960422
0.110309735
0.09508664
0.07766068
0.09819104
0.0905916
0.10427348
0.07939497
0.071499854
0.15498713
0.04232681
0.11718565
0.092482805
0.047351383
0.09182239
0.08941628
0.08582042
0.14034197
0.13279724
0.1180228
0.1142032
0.06402272
0.118004724
0.10695475
0.07784868
0.06345408
0.082866296
0.075754955
0.074901395
0.114029266
0.07952052
0.10199566
0.08741545
0.07444298
0.08433297
0.122936994
0.10299415
0.07699404
0.081710115
0.11393131
0.08267873
0.08796933
0.08185001
0.100526035
0.10137969
0.07675659
0.10007665
0.08260679
0.14575556
0.08076973
0.10627046
0.097303145
0.088877514
0.09174863
0.10753735
0.11075293
0.08996617
0.10125918
0.046502724
0.08408177
0.059817035
0.04765358
0.11010459
0.11199886
0.120955124
0.062399812
0.057846025
0.08533676
0.102733865
0.11117855
0.09577139
0.10271188
0.10037754
0.11853923
0.096497215
0.10337699
0.095255084
0.11622748
0.087874055
0.058871217
0.073525175
0.09902863
0.105596654
0.09398423
0.08067049
0.10973528
0.08982608
0.09524201
0.099364705
0.07492684
0.07209345
0.09600959
0.07040312
0.082957104
0.09443866
0.11508195
0.08131127
0.07876746
0.07478661
0.093184926
0.11299999
0.07843354
0.112184726
0.08990097
0.13039628
0.0832677
0.07644806
0.08936129
0.10269262
0.0638165
0.076493755
0.10988748
0.076801784
0.087368056
0.08223143
0.090137616
0.078067616
0.120683596
0.07160125
0.0727812
0.08941765
0.047526687
0.08530947
0.09149811
0.08448795
0.08686437
0.10088647
0.07477246
0.07347152
0.06645268
0.088867225
0.08232195
0.08113048
0.070720956
0.0839801
0.09542108
0.09814157
0.08264832
0.1021851
0.07093479
0.0847878
0.091327704
0.0769158
0.06471856
0.092960104
0.12763128
0.06698804
0.078240514
0.1452053
0.13219577
0.08724256
0.10109016
0.065569095
0.10173057
0.08051677
0.07424912
0.10617321
0.06544179
0.06338333
0.09090039
0.09468056
0.040307708
0.1167138
0.102297604
0.06856108
0.08275716
0.080147415
0.056078117
0.08181463
0.07728776
0.09129751
0.10526517
0.11087641
0.079899214
0.102134876
0.076627985
0.08302718
0.08191672
0.05458912
0.10930152
0.12930611
0.101201236
0.12772521
0.10430108
0.07197765
0.12806822
0.10444659
0.09522733
0.1051354
0.115340605
0.0907716
0.09300135
0.08817365
0.089876644
0.09505341
0.09230605
0.092005536
0.10228015
0.077873915
0.078817025
0.1013186
0.08763729
0.06544346
0.11179797
0.099507526
0.06783973
0.109576076
0.13100769
0.064108476
0.07239161
0.07508577
0.090283394
0.057639048
0.103942364
0.083035275
0.09047368
0.102111295
0.123246394
0.093651004
0.097540975
0.10328137
0.10305764
0.09246663
0.08066534
0.104794376
0.10499441
0.10070956
0.08811822
0.10355824
0.08726134
0.09513513
0.09435881
0.106477745
0.085922316
0.088098615
0.08342061
0.12304643
0.07178528
0.07514022
0.09140884
0.10278711
0.103837565
0.073297106
0.11580232
0.08051051
0.10295363
0.09193578
0.09551903
0.108671404
0.12910062
0.07321808
0.06970424
0.0706874
0.07706504
0.12046546
0.10120164
0.0783654
0.07048525
0.07968505
0.07285668
0.105485335
0.09208561
0.09654516
0.06266545
0.094154894
0.07471251
0.067652814
0.09186022
0.103780895
0.11508551
0.10303808
0.07498461
0.07919063
0.0851334
0.0931429
0.09880869
0.083974466
0.09171917
0.10319666
0.07959297
0.110547364
0.09342719
0.0862544
0.07411339
0.06668489
0.08557097
0.06877591
0.09816834
0.10291156
0.10408089
0.119560465
0.087867275
0.079906285
0.08020832
0.08310105
0.07490039
0.08444606
0.095950216
0.0830227
0.08558257
0.08119398
0.10336113
0.12450094
0.07455985
0.078541964
0.16180173
0.12106067
0.08635205
0.102454156
0.07326417
0.07408014
0.11645386
0.08131023
0.090826005
0.0713013
0.088387474
0.04588338
0.12127228
0.086746275
0.10379776
0.10905774
0.105035946
0.10732703
0.12242699
0.081374645
0.1319151
0.080501586
0.083021134
0.07194499
0.11635858
0.11422643
0.06324847
0.09729238
0.106165096
0.075061925
0.10743121
0.08343291
0.08324616
0.09391715
0.112078145
0.10627508
0.07795791
0.057002004
0.08417823
0.08385703
0.111932464
0.08508059
0.10229572
0.08650188
0.07647215
0.06748089
0.091004424
0.05466638
0.09064446
0.09269221
0.098155454
0.08986294
0.088021025
0.080981545
0.11829017
0.070194796
0.1133593
0.09185766
0.12236866
0.08509406
0.09925708
0.10615728
0.09697144
0.054159034
0.115663566
0.067218594
0.10980144
0.072583094
0.102995634
0.10315724
0.09495727
0.074698135
0.08530337
0.09956002
0.107890055
0.08645412
0.079887405
0.066132374
0.108634174
0.08341275
0.10480983
0.1086803
0.076325186
0.08975881
0.08389346
0.074632004
0.08384142
0.071788326
0.08260979
0.07893716
0.095396966
0.08111927
0.09560224
0.085746355
0.07676437
0.054184217
0.101046704
0.07079277
0.038386554
0.099493265
0.06708743
0.123664364
0.0935961
0.10821233
0.057824958
0.05636475
0.07655937
0.07525216
0.0981161
0.07129093
0.11533362
0.082824826
0.0673362
0.083743915
0.13634312
0.0840883
0.07436538
0.08624959
0.08077334
0.08797893
0.07731178
0.09190854
0.09719893
0.081683174
0.10436998
0.08174151
0.10683805
0.091179416
0.08487257
0.09081111
0.08073598
0.097765416
0.09242079
0.08820872
0.108206674
0.08874865
0.05288448
0.09923203
0.074238494
0.09208307
0.10087128
0.113887444
0.08682798
0.09477033
0.11245391
0.0714335
0.09110789
0.094736755
0.058124438
0.101006135
0.09264486
0.097678006
0.09298986
0.046866603
0.11999217
0.06645045
0.07311659
0.068309955
0.11321598
0.0728808
0.08601141
0.072664484
0.07443515
0.10713351
0.0869062
0.053851187
0.084893495
0.0889548
0.09683138
0.09470086
0.106387004
0.07623871
0.09289428
0.07381173
0.099201575
0.08786503
0.06486904
0.07980548
0.12030485
0.08933453
0.08531088
0.07754282
0.099940404
0.088635534
0.0743246
0.11289893
0.12128634
0.10010026
0.0803547
0.1145398
0.07407342
0.08719094
0.08209944
0.084730715
0.08916941
0.07742487
0.07429672
0.06741707
0.07417494
0.1131047
0.088537484
0.076147236
0.093067095
0.08195865
0.13081999
0.07677497
0.08991037
0.08475145
0.0932394
0.10787345
0.06680608
0.10024099
0.098120555
0.07069179
0.08680117
0.101901755
0.08708726
0.099680424
0.095546365
0.07101315
0.08242445
0.08085413
0.077816546
0.08264044
0.113000095
0.1255463
0.10077662
0.07328002
0.06437207
0.11055039
0.104145505
0.085650176
0.08823094
0.067353696
0.1147801
0.082788005
0.11079098
0.0897034
0.055221833
0.080286
0.08642645
0.08999318
0.049908597
0.10955881
0.08393328
0.07699995
0.08551274
0.10135104
0.09114027
0.09715217
0.06793699
0.10505845
0.06492059
0.09290566
0.11655687
0.104660645
0.12389219
0.07838854
0.11176066
0.057906576
0.07500026
0.07914199
0.06411688
0.07656094
0.109717816
0.12188201
0.10392249
0.099046916
0.09280965
0.07680468
0.082271114
0.08320645
0.12270235
0.08739287
0.09674029
0.08544277
0.09447322
0.06256502
0.09971197
0.06779649
0.13415837
0.0848053
0.086345494
0.060879838
0.07194105
0.055231374
0.122706406
0.08327721
0.088693395
0.072982624
0.13568701
0.09729175
0.088721566
0.10439186
0.093106605
0.06978749
0.07071938
0.062207855
0.07538945
0.10944825
0.08272731
0.085086614
0.08619737
0.0649312
0.075825505
0.073883116
0.08057301
0.08727848
0.10488139
0.09477679
0.07843965
0.08281873
0.061275996
0.09193222
0.08526173
0.10288946
0.0724444
0.11890231
0.07247391
0.11762
0.07472757
0.091099724
0.08193233
0.092403986
0.06302866
0.070022896
0.05856353
0.10029315
0.07105158
0.11150788
0.07613224
0.11295077
0.09980188
0.06924702
0.06548876
0.07623604
0.08620231
0.07814758
0.068535216
0.07029792
0.09949364
0.09011753
0.07795879
0.11897984
0.073744476
0.0903628
0.06910556
0.09286635
0.10294175
0.09163448
0.07694097
0.08635023
0.0812067
0.092629015
0.06144893
0.062354147
0.10320055
0.0721308
0.07465568
0.07814134
0.10790381
0.086192526
0.08831124
0.09230797
0.055082098
0.10538179
0.055980235
0.10305631
0.11025115
0.09964045
0.08264446
0.10561922
0.094420284
0.08157831
0.08152622
0.064003006
0.08046107
0.08188477
0.11337836
0.10634069
0.10482421
0.12621509
0.14751735
0.13229011
0.084976315
0.04839028
0.09737532
0.09551443
0.11476582
0.10684286
0.09977777
0.09649177
0.0531965
0.086869344
0.059399486
0.10381733
0.06878643
0.08588472
0.13626999
0.09135133
0.100107275
0.12342558
0.07207914
0.09159206
0.0850884
0.09424798
0.07973675
0.08731961
0.10134488
0.08524039
0.089878365
0.0791049
0.11801746
0.08241236
0.06618482
0.054630455
0.10680938
0.10420312
0.09247916
0.079145364
0.08456679
0.089234434
0.079793826
0.106531754
0.07129417
0.08606849
0.11199311
0.10036382
0.06670843
0.090768665
0.078427285
0.094176255
0.09628431
0.098136075
0.073242046
0.08217643
0.09107826
0.07510248
0.09545908
0.07972731
0.081514075
0.06942433
0.08205011
0.07166956
0.08881
0.12257928
0.10812733
0.067591734
0.111343965
0.093556434
0.08078254
0.088404804
0.09092235
0.0954592
0.09813927
0.08969857
0.06841036
0.059101444
0.07889784
0.07097906
0.07281144
0.09948246
0.10562195
0.06335358
0.099347115
0.100464955
0.066139795
0.061118085
0.11332892
0.08092122
0.087245874
0.090664506
0.07236463
0.099226296
0.12021851
0.09925561
0.07099083
0.099727735
0.10228436
0.07581133
0.053697318
0.07529949
0.07141141
0.12088783
0.09868251
0.09638917
0.084232554
0.10852468
0.07251616
0.07706309
0.087472185
0.08232697
0.08118219
0.05199749
0.09785053
0.067006335
0.07191097
0.09674809
0.11284197
0.08922799
0.056696825
0.07889662
0.08045368
0.071384944
0.06937853
0.102013834
0.10130498
0.09826589
0.08245967
0.10225858
0.13598904
0.09871307
0.111620456
0.0793476
0.056746133
0.09864377
0.053261817
0.07268722
0.0956095
0.05516882
0.11964195
0.09062196
0.074974254
0.11384122
0.08946289
0.07408908
0.08218299
0.08258127
0.09249009
0.11266193
0.100356236
0.060866058
0.08056059
0.06706911
0.068041
0.075773135
0.10483836
0.05814894
0.07471974
0.07992396
0.10356364
0.07069731
0.09884444
0.102161184
0.07662395
0.087163515
0.062072247
0.09006434
0.09860264
0.10056372
0.08852582
0.0873952
0.06417243
0.11445916
0.096877374
0.05907826
0.098568365
0.052281566
0.08130483
0.079273015
0.06389845
0.089223415
0.094244
0.0978474
0.09459889
0.0995833
0.074469835
0.106937915
0.09241339
0.11061051
0.08631237
0.053277027
0.056779116
0.06524336
0.07951394
0.08240104
0.08223431
0.077202246
0.097346954
0.100312464
0.08836813
0.09125511
0.091073826
0.07781334
0.088807456
0.09914334
0.049236875
0.13329418
0.0898408
0.0658398
0.08153195
0.08035695
0.101319924
0.07259409
0.056417935
0.089350395
0.07352051
0.06816754
0.060038015
0.083364934
0.097931504
0.058544494
0.093587965
0.049514137
0.06497845
0.12168968
0.10179072
0.092230305
0.087303475
0.060053654
0.12670404
0.0815577
0.06862722
0.09920941
0.08059668
0.06833384
0.063269176
0.08072184
0.06255505
0.06156017
0.07937726
0.09200985
0.085132524
0.0625418
0.0953271
0.06748003
0.0774227
0.070103236
0.103343494
0.084358245
0.085784815
0.09853721
0.07285428
0.055970956
0.060673896
0.08825897
0.12614334
0.07013041
0.09249544
0.10152115
0.07588527
0.07828489
0.0725201
0.08015718
0.1161514
0.08867541
0.101582475
0.06780145
0.119597755
0.058166828
0.06826528
0.08402384
0.092763916
0.09378109
0.07237044
0.0758781
0.07878347
0.1032453
0.07778838
0.13359788
0.10208185
0.08701812
0.08824772
0.07340741
0.08499715
0.10119454
0.076974824
0.102263615
0.04820062
0.056324277
0.08818814
0.10418147
0.11789213
0.082027026
0.08814572
0.06368547
0.06567472
0.08767125
0.078488655
0.0924011
0.06352232
0.115155905
0.09993698
0.100544274
0.10817727
0.07469928
0.093612
0.08307734
0.054331
0.07505749
0.072648145
0.09676305
0.08085714
0.08008513
0.0918335
0.062050957
0.07339333
0.0901458
0.06812425
0.13236184
0.10001383
0.098000996
0.08651814
0.07973264
0.083514646
0.08803654
0.10895741
0.08514784
0.119304135
0.105213255
0.09113738
0.085621804
0.115391575
0.089586765
0.07692608
0.08598323
0.07564896
0.093569115
0.078773454
0.08217951
0.0918552
0.067540616
0.09461928
0.054314278
0.094112426
0.06265053
0.07313055
0.061152548
0.044352144
0.078184865
0.07082393
0.09814668
0.07082523
0.08195934
0.10588228
0.07184995
0.13933557
0.10413696
0.083283536
0.09064272
0.072307825
0.10865183
0.08012916
0.07081293
0.0714313
0.096656516
0.06783937
0.09214647
0.072210215
0.10799297
0.0989014
0.06860911
0.07972898
0.097195044
0.08496237
0.07985636
0.07818523
0.07337794
0.079087056
0.095281646
0.08520003
0.10007009
0.07703807
0.10363778
0.07849173
0.06694138
0.06507694
0.09224418
0.11312732
0.07740115
0.07563249
0.06776413
0.11589873
0.086061805
0.14352216
0.075219415
0.07345763
0.097551
0.08698855
0.112564616
0.103758395
0.08362199
0.06793878
0.09300064
0.06386697
0.08608037
0.09586491
0.09809147
0.10553153
0.10885567
0.09105846
0.122247435
0.083325505
0.06861519
0.079153165
0.08732091
0.07408281
0.08383091
0.07638734
0.101445615
0.08451
0.073041014
0.06664033
0.07924324
0.07530872
0.05690048
0.07686339
0.106280856
0.09698048
0.08388214
0.075582184
0.059677567
0.06828605
0.06913635
0.07963567
0.111147135
0.07371487
0.077774905
0.0980054
0.07155572
0.092170365
0.09151052
0.09155086
0.10253796
0.065806545
0.07929137
0.06829527
0.09514103
0.04076586
0.10112929
0.10926533
0.061065145
0.07079767
0.08472271
0.087972686
0.086792275
0.08650635
0.09569843
0.1050126
0.08931771
0.091305405
0.09219396
0.099945575
0.07360062
0.072910026
0.09104762
0.07940852
0.10232275
0.07763781
0.071851194
0.07145907
0.10319623
0.06920664
0.078872696
0.109615535
0.10810885
0.10151996
0.08562566
0.088280305
0.12273936
0.07769542
0.056904458
0.09486003
0.09143184
0.094355896
0.096014276
0.052854635
0.09328948
0.08632996
0.08603214
0.10159991
0.09421308
0.08795859
0.10736836
0.08491448
0.089558356
0.08461909
0.08813621
0.10072842
0.1057962
0.06788887
0.05931884
0.09482661
0.09265071
0.07434654
0.071487546
0.09175497
0.11191659
0.07239337
0.09081885
0.10713337
0.0885313
0.11517566
0.09882545
0.11492388
0.07887813
0.0712902
0.08689283
0.09101616
0.07711285
0.08629647
0.13102841
0.05495462
0.07948889
0.06663488
0.06382556
0.11373015
0.09672844
0.076278105
0.10372834
0.09767306
0.09754494
0.09576721
0.11128178
0.07418476
0.11580246
0.07803717
0.06640738
0.07145679
0.05422391
0.064686984
0.076268785
0.08166381
0.07114198
0.09831494
0.08495131
0.11901221
0.039510697
0.110780716
0.10181015
0.08974977
0.08526201
0.07214449
0.058057934
0.06723305
0.06994951
0.11277739
0.066449806
0.078084804
0.064683124
0.11412714
0.069014266
0.097116545
0.066095866
0.0769433
0.04942541
0.054794632
0.0710424
0.08570489
0.07610351
0.07860504
0.098377034
0.04022321
0.10315134
0.060352165
0.10184231
0.09737353
0.080176756
0.071970426
0.091774926
0.09231817
0.17094041
0.1587733
0.15980466
0.15599425
0.14089517
0.12890208
0.13417724
0.16127059
0.17325267
0.16579925
0.17235488
0.16311328
0.1657408
0.20487964
0.16301334
0.14660369
0.15535219
0.18143764
0.15475246
0.16601278
0.16467531
0.15823355
0.13324134
0.15510955
0.16415173
0.16365121
0.15257931
0.13709371
0.13912225
0.14644247
0.15766385
0.13421148
0.13805348
0.15356192
0.13421625
0.16811849
0.15892315
0.16078673
0.1409224
0.16023096
0.15851024
0.1736744
0.16567996
0.13361366
0.112393826
0.10393381
0.14442348
0.16070734
0.15605539
0.14703183
0.15119165
0.19265677
0.15653756
0.16939735
0.19271985
0.12955657
0.168032
0.18595925
0.15357634
0.16710953
0.17683753
0.16242316
0.16660793
0.14663991
0.14195928
0.15905374
0.18679717
0.1630829
0.15213197
0.15614533
0.16489373
0.13434775
0.13612606
0.15515865
0.14617826
0.13280869
0.17085113
0.18106759
0.16056119
0.13246694
0.16029544
0.16042396
0.15565462
0.15396845
0.14386031
0.16172582
0.1441175
0.12726441
0.18173514
0.12119106
0.12931487
0.12471499
0.14365196
0.16322729
0.16699436
0.11561393
0.13726106
0.171932
0.15965624
0.12918162
0.14816189
0.12985364
0.1534335
0.15247287
0.17153203
0.13650268
0.15237664
0.15960714
0.15013818
0.15367846
0.1674152
0.16402847
0.14558819
0.12171313
0.1814288
0.13194922
0.1513151
0.1400257
0.1475639
0.16482767
0.12942211
0.17130223
0.15412366
0.1483416
0.16491742
0.13791701
0.1370522
0.15322998
0.2040525
0.14705056
0.14166382
0.14223728
0.14535928
0.13812777
0.14528985
0.15125217
0.14195491
0.14954643
0.13387765
0.13319117
0.14165558
0.11277541
0.18764442
0.151184
0.17652774
0.15268998
0.122260384
0.14842173
0.16544321
0.1638046
0.16172785
0.12681529
0.15030167
0.1540936
0.14442879
0.1507273
0.12846598
0.14267686
0.14857706
0.15526281
0.1474746
0.12531994
0.15472467
0.1636766
0.14179835
0.14787266
0.13871598
0.15983632
0.14266285
0.17413414
0.16432159
0.1412378
0.12653641
0.15446672
0.15860565
0.15267715
0.12615637
0.1082886
0.15445884
0.15116546
0.13214265
0.1669805
0.13640898
0.14937368
0.17131054
0.15628675
0.1402038
0.14682856
0.11681096
0.14708196
0.14684482
0.15479474
0.1635651
0.13027817
0.14241004
0.13887277
0.11467649
0.12970188
0.18187597
0.13374259
0.16021967
0.15119414
0.12529024
0.12983018
0.12806177
0.14227717
0.13140938
0.12136186
0.1613816
0.14664118
0.120722614
0.14921705
0.17211136
0.16150853
0.15423974
0.2073271
0.1461465
0.12509324
0.14190441
0.15173705
0.16122808
0.16731873
0.15652655
0.17168929
0.15475002
0.14645822
0.13423808
0.12999195
0.11295721
0.14404854
0.14203805
0.13906161
0.119898245
0.14694844
0.14227873
0.14444995
0.13627416
0.15018776
0.1570198
0.16384622
0.15270817
0.14415666
0.13236848
0.122290544
0.1550549
0.14534894
0.10643233
0.12801474
0.14920399
0.123457134
0.15448056
0.116647735
0.17524013
0.13818683
0.11360257
0.1352933
0.15873134
0.14879689
0.18485337
0.15670791
0.1723589
0.121042565
0.14047895
0.136447
0.11288279
0.15746094
0.123700716
0.17907546
0.13184729
0.133667
0.12871784
0.15960783
0.16081102
0.14903727
0.15380278
0.15793678
0.16626996
0.111831084
0.11335214
0.11091411
0.15142977
0.19966313
0.14955725
0.11077372
0.13558349
0.1656542
0.13788041
0.1382695
0.14214396
0.16130915
0.13677344
0.1375321
0.10120705
0.10198284
0.15063034
0.15839247
0.134196
0.14160994
0.1523043
0.15609658
0.11517121
0.13211355
0.15885702
0.15675175
0.14344199
0.12451872
0.1094323
0.12781161
0.14842744
0.1399298
0.12599277
0.17375565
0.13442332
0.1206779
0.12774503
0.1354241
0.11360286
0.16827434
0.1392041
0.13687366
0.1622878
0.10608585
0.17132059
0.13766465
0.10892822
0.12065475
0.12355078
0.14614649
0.14475207
0.14513594
0.12888776
0.119987145
0.14624676
0.17798689
0.15722784
0.14173302
0.12347819
0.16452073
0.17244369
0.17152107
0.14477995
0.13988322
0.14616753
0.1406029
0.13453591
0.15394002
0.11903685
0.16226207
0.12670442
0.14812908
0.14827262
0.1635329
0.15073586
0.12833542
0.16562238
0.1522026
0.16729374
0.15166742
0.14484608
0.1369831
0.15254214
0.17020562
0.13758832
0.119116984
0.13216409
0.15503395
0.11858487
0.15685923
0.14388928
0.16593875
0.19489363
0.15376237
0.1318713
0.14851815
0.12861662
0.098854
0.16460675
0.13176699
0.12683526
0.1482454
0.16235459
0.14952077
0.11634526
0.1458117
0.15632525
0.14524865
0.13860089
0.13952848
0.1427591
0.16779783
0.15889835
0.15237696
0.15519845
0.15683036
0.112843886
0.16219576
0.11211329
0.133967
0.14324321
0.13946913
